% time-domain voltage integration by openEMS v0.0.36-16-g7d7688a @Wed Apr 23 12:37:59 2025
% start-coordinates: (-2.22e-05,5e-06,0.000290847) m -> [121,28,34]
% stop-coordinates: (2.22e-05,5e-06,0.000290847) m -> [145,28,34]
% t/s	voltage
0	-0
4.16609660341e-12	-9.03190494617e-09
8.33219320681e-12	-1.31971089334e-08
1.24982898102e-11	-6.01714275628e-10
1.66643864136e-11	4.70353621607e-08
2.0830483017e-11	1.63336810299e-07
2.49965796204e-11	3.88007923569e-07
2.91626762238e-11	7.36886052621e-07
3.33287728273e-11	1.15061787298e-06
3.74948694307e-11	1.42703795092e-06
4.16609660341e-11	1.17023639135e-06
4.58270626375e-11	-1.80855147303e-07
4.99931592409e-11	-3.18310595304e-06
5.41592558443e-11	-8.05796983627e-06
5.83253524477e-11	-1.4277568539e-05
6.24914490511e-11	-2.02689897151e-05
6.66575456545e-11	-2.34998994983e-05
7.08236422579e-11	-2.11294071732e-05
7.49897388613e-11	-1.11583165108e-05
7.91558354647e-11	6.32316587712e-06
8.33219320681e-11	2.84157483748e-05
8.74880286715e-11	4.97681978686e-05
9.1654125275e-11	6.41255696792e-05
9.58202218784e-11	6.65709636678e-05
9.99863184818e-11	5.55099469466e-05
1.04152415085e-10	3.34569240295e-05
1.08318511689e-10	6.20268232865e-06
1.12484608292e-10	-1.92855373484e-05
1.16650704895e-10	-3.72859853996e-05
1.20816801499e-10	-4.50287938065e-05
1.24982898102e-10	-4.30773972084e-05
1.29148994706e-10	-3.44501256677e-05
1.33315091309e-10	-2.30806663239e-05
1.37481187912e-10	-1.23689058853e-05
1.41647284516e-10	-4.34435563079e-06
1.45813381119e-10	4.35964781609e-07
1.49979477723e-10	2.46968859585e-06
1.54145574326e-10	2.71623371617e-06
1.58311670929e-10	2.11092184799e-06
1.62477767533e-10	1.31028766859e-06
1.66643864136e-10	6.50180776773e-07
1.7080996074e-10	2.26288013216e-07
1.74976057343e-10	6.36275576671e-09
1.79142153946e-10	-8.16965646244e-08
1.8330825055e-10	-1.02221655363e-07
1.87474347153e-10	-9.62804296289e-08
1.91640443757e-10	-8.48961536626e-08
1.9580654036e-10	-7.69243742038e-08
1.99972636964e-10	-7.14927534951e-08
2.04138733567e-10	-6.67517592312e-08
2.0830483017e-10	-6.16504848283e-08
2.12470926774e-10	-5.71433369512e-08
2.16637023377e-10	-5.31014264782e-08
2.20803119981e-10	-4.94547260921e-08
2.24969216584e-10	-4.62387870215e-08
2.29135313187e-10	-4.33327980165e-08
2.33301409791e-10	-4.06040239209e-08
2.37467506394e-10	-3.79494086156e-08
2.41633602998e-10	-3.53103978279e-08
2.45799699601e-10	-3.26766887992e-08
2.49965796204e-10	-3.01454379792e-08
2.54131892808e-10	-2.78329627679e-08
2.58297989411e-10	-2.58254334584e-08
2.62464086015e-10	-2.41656723521e-08
2.66630182618e-10	-2.27959633392e-08
2.70796279221e-10	-2.15997001396e-08
2.74962375825e-10	-2.05244590767e-08
2.79128472428e-10	-1.94099015194e-08
2.83294569032e-10	-1.82686124561e-08
2.87460665635e-10	-1.70647282971e-08
2.91626762238e-10	-1.58733218236e-08
2.95792858842e-10	-1.47467014155e-08
2.99958955445e-10	-1.37543325895e-08
3.04125052049e-10	-1.28745552552e-08
3.08291148652e-10	-1.21440416612e-08
3.12457245256e-10	-1.14838375198e-08
3.16623341859e-10	-1.09534811776e-08
