% time-domain current integration by openEMS v0.0.36-16-g7d7688a @Wed Apr 23 12:37:59 2025
% start-coordinates: (-1.997e-06,-2.90909e-06,0.000288751) m -> [132,25,32]
% stop-coordinates: (-1.997e-06,1e-05,0.00029218) m -> [132,30,36]
% t/s	current
6.83863526495e-16	0
4.16678046693e-12	-9.86817641491e-11
8.33287707034e-12	-3.5129427145e-11
1.24989736737e-11	6.88213167011e-11
1.66650702772e-11	4.36019803596e-10
2.08311668806e-11	1.30635346984e-09
2.4997263484e-11	2.8866509183e-09
2.91633600874e-11	5.21217025096e-09
3.33294566908e-11	7.81702969022e-09
3.74955532942e-11	9.37038713289e-09
4.16616498976e-11	7.52459783371e-09
4.5827746501e-11	-7.96115617874e-10
4.99938431044e-11	-1.83832611356e-08
5.41599397078e-11	-4.61483367076e-08
5.83260363112e-11	-8.15104499452e-08
6.24921329146e-11	-1.17689054946e-07
6.6658229518e-11	-1.44735906815e-07
7.08243261214e-11	-1.52413207388e-07
7.49904227249e-11	-1.33912891442e-07
7.91565193283e-11	-8.86807640654e-08
8.33226159317e-11	-2.274872557e-08
8.74887125351e-11	5.37241007237e-08
9.16548091385e-11	1.30392734832e-07
9.58209057419e-11	1.99897215225e-07
9.99870023453e-11	2.58589267332e-07
1.04153098949e-10	3.04806974327e-07
1.08319195552e-10	3.36410238333e-07
1.12485292156e-10	3.49683631384e-07
1.16651388759e-10	3.40598404591e-07
1.20817485362e-10	3.07615778183e-07
1.24983581966e-10	2.5402744086e-07
1.29149678569e-10	1.88148661096e-07
1.33315775173e-10	1.21037288636e-07
1.37481871776e-10	6.29680769748e-08
1.41647968379e-10	2.0443962967e-08
1.45814064983e-10	-4.96925345317e-09
1.49980161586e-10	-1.58431028296e-08
1.5414625819e-10	-1.69155942586e-08
1.58312354793e-10	-1.30511157437e-08
1.62478451396e-10	-7.91002108258e-09
1.66644548e-10	-3.53681617327e-09
1.70810644603e-10	-6.2338556539e-10
1.74976741207e-10	9.45957645548e-10
1.7914283781e-10	1.59255286736e-09
1.83308934413e-10	1.73581871099e-09
1.87475031017e-10	1.6635517408e-09
1.9164112762e-10	1.52625179162e-09
1.95807224224e-10	1.36681255203e-09
1.99973320827e-10	1.25851906674e-09
2.0413941743e-10	1.16348974899e-09
2.08305514034e-10	1.06135544797e-09
2.12471610637e-10	9.71287383855e-10
2.16637707241e-10	8.90265416942e-10
2.20803803844e-10	8.1748802172e-10
2.24969900448e-10	7.53100415363e-10
2.29135997051e-10	6.94906576726e-10
2.33302093654e-10	6.40289543608e-10
2.37468190258e-10	5.87211945735e-10
2.41634286861e-10	5.34375821371e-10
2.45800383465e-10	4.81582274059e-10
2.49966480068e-10	4.31010949153e-10
2.54132576671e-10	3.8473771391e-10
2.58298673275e-10	3.44466649649e-10
2.62464769878e-10	3.11295850208e-10
2.66630866482e-10	2.83995965633e-10
2.70796963085e-10	2.59983617967e-10
2.74963059688e-10	2.38550651455e-10
2.79129156292e-10	2.16107978734e-10
2.83295252895e-10	1.93348725919e-10
2.87461349499e-10	1.69242370118e-10
2.91627446102e-10	1.45440187671e-10
2.95793542705e-10	1.22815577153e-10
2.99959639309e-10	1.03035045773e-10
3.04125735912e-10	8.5392345972e-11
3.08291832516e-10	7.07495798058e-11
3.12457929119e-10	5.75717841456e-11
3.16624025722e-10	4.6941058679e-11
