0.0000000000000000e+00 1.5717293737157401e+00 0.0000000000000000e+00
7.5000000000000000e+07 1.5722985265721643e+00 8.0360850415941942e-01
1.5000000000000000e+08 1.5740047614778776e+00 1.6072221039600647e+00
2.2500000000000000e+08 1.5768444124075784e+00 2.4108460658190469e+00
3.0000000000000000e+08 1.5808113858583903e+00 3.2144859971089139e+00
3.7500000000000000e+08 1.5858971856159165e+00 4.0181480151442903e+00
4.5000000000000000e+08 1.5920909473405158e+00 4.8218389143786915e+00
5.2500000000000000e+08 1.5993794828863865e+00 5.6255663312142614e+00
6.0000000000000000e+08 1.6077473342381614e+00 6.4293389058269206e+00
6.7500000000000000e+08 1.6171768369222173e+00 7.2331664404095255e+00
7.5000000000000000e+08 1.6276481927186934e+00 8.0370600532364058e+00
8.2500000000000000e+08 1.6391395514686438e+00 8.8410323279546752e+00
9.0000000000000000e+08 1.6516271017362647e+00 9.6450974575102908e+00
9.7500000000000000e+08 1.6650851700500824e+00 1.0449271382122127e+01
1.0500000000000000e+09 1.6794863284085366e+00 1.1253571920724049e+01
1.1250000000000000e+09 1.6948015096951519e+00 1.2058018895304379e+01
1.2000000000000000e+09 1.7110001306066016e+00 1.2862634247584500e+01
1.2750000000000000e+09 1.7280502216528963e+00 1.3667442147494734e+01
1.3500000000000000e+09 1.7459185637444004e+00 1.4472469092924124e+01
1.4250000000000000e+09 1.7645708308344767e+00 1.5277744000245804e+01
1.5000000000000000e+09 1.7839717380402849e+00 1.6083298285146718e+01
1.5750000000000000e+09 1.8040851946185761e+00 1.6889165933324080e+01
1.6500000000000000e+09 1.8248744611276337e+00 1.7695383560648811e+01
1.7250000000000000e+09 1.8463023100632674e+00 1.8501990462438997e+01
1.8000000000000000e+09 1.8683311892143359e+00 1.9309028651535048e+01
1.8750000000000000e+09 1.8909233869450506e+00 2.0116542884921067e+01
1.9500000000000000e+09 1.9140411985752772e+00 2.0924580678696096e+01
2.0250000000000000e+09 1.9376470929996308e+00 2.1733192311261185e+01
2.1000000000000000e+09 1.9617038786595062e+00 2.2542430814656942e+01
2.1750000000000000e+09 1.9861748679623545e+00 2.3352351954056960e+01
2.2500000000000000e+09 2.0110240392281655e+00 2.4163014195498512e+01
2.3250000000000000e+09 2.0362161952366007e+00 2.4974478662009606e+01
2.4000000000000000e+09 2.0617171174483775e+00 2.5786809078372055e+01
2.4750000000000000e+09 2.0874937149831330e+00 2.6600071704841572e+01
2.5500000000000000e+09 2.1135141674529399e+00 2.7414335260228473e+01
2.6250000000000000e+09 2.1397480607755806e+00 2.8229670834823818e+01
2.7000000000000000e+09 2.1661665151257670e+00 2.9046151793736502e+01
2.7750000000000000e+09 2.1927423042249043e+00 2.9863853671284687e+01
2.8500000000000000e+09 2.2194499652205022e+00 3.0682854057158753e+01
2.9250000000000000e+09 2.2462658984658637e+00 3.1503232475144451e+01
3.0000000000000000e+09 2.2731684565763532e+00 3.2325070255257714e+01
3.0750000000000000e+09 2.3001380222131971e+00 3.3148450400202805e+01
3.1500000000000000e+09 2.3271570741249041e+00 3.3973457447115287e+01
3.2250000000000000e+09 2.3542102410629138e+00 3.4800177325595683e+01
3.3000000000000000e+09 2.3812843432776631e+00 3.5628697213073309e+01
3.3750000000000000e+09 2.4083684213960317e+00 3.6459105388566989e+01
3.4500000000000000e+09 2.4354537525775726e+00 3.7291491085923454e+01
3.5250000000000000e+09 2.4625338539451382e+00 3.8125944347622607e+01
3.6000000000000000e+09 2.4896044733847398e+00 3.8962555880233296e+01
3.6750000000000000e+09 2.5166635679070479e+00 3.9801416912590888e+01
3.7500000000000000e+09 2.5437112698591218e+00 4.0642619057744042e+01
3.8250000000000000e+09 2.5707498413688654e+00 4.1486254179684700e+01
3.9000000000000000e+09 2.5977836174928819e+00 4.2332414265833954e+01
3.9750000000000000e+09 2.6248189386234979e+00 4.3181191306205314e+01
4.0500000000000000e+09 2.6518640727884581e+00 4.4032677180108472e+01
4.1250000000000000e+09 2.6789291285488308e+00 4.4886963551191215e+01
4.2000000000000000e+09 2.7060259592646196e+00 4.5744141771544541e+01
4.2750000000000000e+09 2.7331680595536008e+00 4.6604302795520042e+01
4.3500000000000000e+09 2.7603704548174597e+00 4.7467537103824959e+01
4.4250000000000000e+09 2.7876495847473537e+00 4.8333934638377137e+01
4.5000000000000000e+09 2.8150231817517963e+00 4.9203584748313574e+01
4.5750000000000000e+09 2.8425101452708161e+00 5.0076576147456962e+01
4.6500000000000000e+09 2.8701304129519585e+00 5.0952996883457025e+01
4.7250000000000000e+09 2.8979048296676098e+00 5.1832934318732491e+01
4.8000000000000000e+09 2.9258550153473761e+00 5.2716475123254078e+01
4.8750000000000000e+09 2.9540032325866599e+00 5.3603705279123140e+01
4.9500000000000000e+09 2.9823722549703793e+00 5.4494710096818892e+01
5.0250000000000000e+09 3.0109852370237618e+00 5.5389574242908687e+01
5.1000000000000000e+09 3.0398655866665369e+00 5.6288381778942771e+01
5.1750000000000000e+09 3.0690368410063820e+00 5.7191216211185633e+01
5.2500000000000000e+09 3.0985225462615591e+00 5.8098160550772533e+01
5.3250000000000000e+09 3.1283461425517243e+00 5.9009297383821938e+01
5.4000000000000000e+09 3.1585308542414494e+00 5.9924708950983486e+01
5.4750000000000000e+09 3.1890995864633931e+00 6.0844477235853333e+01
5.5500000000000000e+09 3.2200748283872804e+00 6.1768684061651548e+01
5.6250000000000000e+09 3.2514785637387833e+00 6.2697411195520743e+01
5.7000000000000000e+09 3.2833321890087950e+00 6.3630740459778629e+01
5.7750000000000000e+09 3.3156564397290071e+00 6.4568753849436064e+01
5.8500000000000000e+09 3.3484713251255167e+00 6.5511533655276224e+01
5.9250000000000000e+09 3.3817960713974573e+00 6.6459162591781478e+01
6.0000000000000000e+09 3.4156490738049938e+00 6.7411723929189321e+01
6.0750000000000000e+09 3.4500478576875131e+00 6.8369301628961196e+01
6.1500000000000000e+09 3.4850090484735494e+00 6.9331980481952002e+01
6.2250000000000000e+09 3.5205483506835971e+00 7.0299846248580906e+01
6.3000000000000000e+09 3.5566805358713771e+00 7.1272985800316050e+01
6.3750000000000000e+09 3.5934194393939607e+00 7.2251487261808137e+01
6.4500000000000000e+09 3.6307779658492487e+00 7.3235440153027227e+01
6.5250000000000000e+09 3.6687681029709838e+00 7.4224935530785487e+01
6.6000000000000000e+09 3.7074009437241697e+00 7.5220066129056690e+01
6.6750000000000000e+09 3.7466867163009181e+00 7.6220926497536325e+01
6.7500000000000000e+09 3.7866348216771160e+00 7.7227613137919860e+01
6.8250000000000000e+09 3.8272538783522534e+00 7.8240224637414826e+01
6.9000000000000000e+09 3.8685517738619435e+00 7.9258861799041370e+01
6.9750000000000000e+09 3.9105357226215642e+00 8.0283627768317089e+01
7.0500000000000000e+09 3.9532123296329211e+00 8.1314628155964115e+01
7.1250000000000000e+09 3.9965876595611354e+00 8.2351971156322108e+01
7.2000000000000000e+09 4.0406673106700586e+00 8.3395767661194967e+01
7.2750000000000000e+09 4.0854564930864923e+00 8.4446131368905483e+01
7.3500000000000000e+09 4.1309601108496015e+00 8.5503178888381242e+01
7.4250000000000000e+09 4.1771828471945822e+00 8.6567029838139490e+01
7.5000000000000000e+09 4.2241292525090994e+00 8.7637806940090726e+01
7.5750000000000000e+09 4.2718038344019424e+00 8.8715636108125466e+01
7.6500000000000000e+09 4.3202111493213593e+00 8.9800646531499510e+01
7.7250000000000000e+09 4.3693558951645324e+00 9.0892970753079666e+01
7.8000000000000000e+09 4.4192430043288677e+00 9.1992744742558330e+01
7.8750000000000000e+09 4.4698777366634070e+00 9.3100107964794248e+01
7.9500000000000000e+09 4.5212657717957869e+00 9.4215203443480405e+01
8.0250000000000000e+09 4.5734133003248303e+00 9.5338177820384146e+01
8.1000000000000000e+09 4.6263271133899888e+00 9.6469181410449565e+01
8.1750000000000000e+09 4.6800146901526700e+00 9.7608368253090873e+01
8.2500000000000000e+09 4.7344842827496496e+00 9.8755896160046078e+01
8.3250000000000000e+09 4.7897449983082065e+00 9.9911926760197630e+01
8.4000000000000000e+09 4.8458068776424099e+00 1.0107662554180058e+02
8.4750000000000000e+09 4.9026809702867373e+00 1.0225016189259189e+02
8.5500000000000000e+09 4.9603794055546597e+00 1.0343270913828410e+02
8.6250000000000000e+09 5.0189154593504721e+00 1.0462444457997250e+02
8.7000000000000000e+09 5.0783036165000572e+00 1.0582554953101068e+02
8.7750000000000000e+09 5.1385596284074193e+00 1.0703620935392844e+02
8.8500000000000000e+09 5.1997005658844735e+00 1.0825661349798440e+02
8.9250000000000000e+09 5.2617448670434497e+00 1.0948695553796082e+02
9.0000000000000000e+09 5.3247123801855505e+00 1.1072743321481880e+02
9.0750000000000000e+09 5.3886244016587606e+00 1.1197824847883972e+02
9.1500000000000000e+09 5.4535037087042006e+00 1.1323960753588675e+02
9.2250000000000000e+09 5.5193745873484685e+00 1.1451172089741749e+02
9.3000000000000000e+09 5.5862628554437084e+00 1.1579480343488332e+02
9.3750000000000000e+09 5.6541958809957480e+00 1.1708907443914289e+02
9.4500000000000000e+09 5.7232025959594335e+00 1.1839475768551367e+02
9.5250000000000000e+09 5.7933135057195404e+00 1.1971208150507589e+02
9.6000000000000000e+09 5.8645606945088948e+00 1.2104127886283085e+02
9.6750000000000000e+09 5.9369778270510372e+00 1.2238258744330547e+02
9.7500000000000000e+09 6.0106001467455776e+00 1.2373624974417723e+02
9.8250000000000000e+09 6.0854644707445171e+00 1.2510251317847842e+02
9.9000000000000000e+09 6.1616091822941801e+00 1.2648163018592203e+02
9.9750000000000000e+09 6.2390742207426886e+00 1.2787385835387160e+02
1.0050000000000000e+10 6.3179010696351776e+00 1.2927946054845867e+02
1.0125000000000000e+10 6.3981327433386195e+00 1.3069870505633304e+02
1.0200000000000000e+10 6.4798137726546665e+00 1.3213186573750929e+02
1.0275000000000000e+10 6.5629901898946859e+00 1.3357922218975602e+02
1.0350000000000000e+10 6.6477095139031404e+00 1.3504105992495360e+02
1.0425000000000000e+10 6.7340207355239725e+00 1.3651767055782904e+02
1.0500000000000000e+10 6.8219743040147751e+00 1.3800935200745877e+02
1.0575000000000000e+10 6.9116221149160841e+00 1.3951640871191594e+02
1.0650000000000000e+10 7.0030174998887107e+00 1.4103915185642225e+02
1.0725000000000000e+10 7.0962152190317269e+00 1.4257789961535397e+02
1.0800000000000000e+10 7.1912714561949249e+00 1.4413297740843950e+02
1.0875000000000000e+10 7.2882438177958706e+00 1.4570471817148027e+02
1.0950000000000000e+10 7.3871913356498782e+00 1.4729346264191662e+02
1.1025000000000000e+10 7.4881744743146257e+00 1.4889955965956108e+02
1.1100000000000000e+10 7.5912551434485804e+00 1.5052336648281906e+02
1.1175000000000000e+10 7.6964967156712181e+00 1.5216524912071779e+02
1.1250000000000000e+10 7.8039640504105794e+00 1.5382558268107289e+02
1.1325000000000000e+10 7.9137235242116040e+00 1.5550475173512723e+02
1.1400000000000000e+10 8.0258430679743178e+00 1.5720315069901054e+02
1.1475000000000000e+10 8.1403922115783711e+00 1.5892118423238281e+02
1.1550000000000000e+10 8.2574421363475405e+00 1.6065926765464212e+02
1.1625000000000000e+10 8.3770657357938489e+00 1.6241782737910393e+02
1.1700000000000000e+10 8.4993376850789186e+00 1.6419730136557857e+02
1.1775000000000000e+10 8.6243345196188042e+00 1.6599813959181253e+02
1.1850000000000000e+10 8.7521347232551108e+00 1.6782080454428535e+02
1.1925000000000000e+10 8.8828188264090748e+00 1.6966577172889978e+02
1.2000000000000000e+10 9.0164695146299927e+00 1.7153353020214112e+02
1.2075000000000000e+10 9.1531717479497381e+00 1.7342458312333306e+02
1.2150000000000000e+10 9.2930128914505783e+00 1.7533944832866834e+02
1.2225000000000000e+10 9.4360828574555811e+00 1.7727865892775202e+02
1.2300000000000000e+10 9.5824742597547061e+00 1.7924276392345649e+02
1.2375000000000000e+10 9.7322825802806392e+00 1.8123232885596002e+02
1.2450000000000000e+10 9.8856063486609322e+00 1.8324793647190927e+02
1.2525000000000000e+10 1.0042547335077289e+01 1.8529018741973496e+02
1.2600000000000000e+10 1.0203210756880070e+01 1.8735970097223054e+02
1.2675000000000000e+10 1.0367705499418532e+01 1.8945711577760110e+02
1.2750000000000000e+10 1.0536144351568678e+01 1.9158309064029146e+02
1.2825000000000000e+10 1.0708644256465098e+01 1.9373830533301040e+02
1.2900000000000000e+10 1.0885326577966408e+01 1.9592346144148476e+02
1.2975000000000000e+10 1.1066317383418882e+01 1.9813928324360478e+02
1.3050000000000000e+10 1.1251747743321054e+01 2.0038651862475379e+02
1.3125000000000000e+10 1.1441754048529841e+01 2.0266594003126278e+02
1.3200000000000000e+10 1.1636478345700191e+01 2.0497834546408282e+02
1.3275000000000000e+10 1.1836068691703312e+01 2.0732455951493512e+02
1.3350000000000000e+10 1.2040679527829916e+01 2.0970543444737342e+02
1.3425000000000000e+10 1.2250472074652047e+01 2.1212185132538772e+02
1.3500000000000000e+10 1.2465614748495556e+01 2.1457472119237553e+02
1.3575000000000000e+10 1.2686283600558152e+01 2.1706498630352758e+02
1.3650000000000000e+10 1.2912662779804309e+01 2.1959362141490743e+02
1.3725000000000000e+10 1.3144945020871146e+01 2.2216163513275191e+02
1.3800000000000000e+10 1.3383332158335337e+01 2.2477007132678764e+02
1.3875000000000000e+10 1.3628035668821461e+01 2.2742001061164103e+02
1.3950000000000000e+10 1.3879277242566848e+01 2.3011257190073351e+02
1.4025000000000000e+10 1.4137289386219702e+01 2.3284891403737146e+02
1.4100000000000000e+10 1.4402316058810825e+01 2.3563023750810495e+02
1.4175000000000000e+10 1.4674613343031895e+01 2.3845778624379767e+02
1.4250000000000000e+10 1.4954450154153061e+01 2.4133284951426558e+02
1.4325000000000000e+10 1.5242108989142775e+01 2.4425676392277813e+02
1.4400000000000000e+10 1.5537886718793345e+01 2.4723091550718530e+02
1.4475000000000000e+10 1.5842095425934421e+01 2.5025674195494631e+02
1.4550000000000000e+10 1.6155063293105538e+01 2.5333573493988223e+02
1.4625000000000000e+10 1.6477135543390553e+01 2.5646944258906763e+02
1.4700000000000000e+10 1.6808675438470672e+01 2.5965947208891680e+02
1.4775000000000000e+10 1.7150065338347378e+01 2.6290749244021430e+02
1.4850000000000000e+10 1.7501707827615942e+01 2.6621523737258428e+02
1.4925000000000000e+10 1.7864026913644398e+01 2.6958450842971456e+02
1.5000000000000000e+10 1.8237469302533150e+01 2.7301717823752148e+02
1.5075000000000000e+10 1.8622505759303976e+01 2.7651519396841150e+02
1.5150000000000000e+10 1.9019632559397973e+01 2.8008058101582657e+02
1.5225000000000000e+10 1.9429373039255893e+01 2.8371544689439787e+02
1.5300000000000000e+10 1.9852279254526078e+01 2.8742198538226370e+02
1.5375000000000000e+10 2.0288933755285218e+01 2.9120248092345349e+02
1.5450000000000000e+10 2.0739951488604103e+01 2.9505931330970463e+02
1.5525000000000000e+10 2.1205981839818950e+01 2.9899496266268665e+02
1.5600000000000000e+10 2.1687710825019867e+01 3.0301201473935191e+02
1.5675000000000000e+10 2.2185863448547810e+01 3.0711316658505643e+02
1.5750000000000000e+10 2.2701206240697399e+01 3.1130123256119174e+02
1.5825000000000000e+10 2.3234549992403480e+01 3.1557915077637307e+02
1.5900000000000000e+10 2.3786752705435717e+01 3.1994998995275728e+02
1.5975000000000000e+10 2.4358722778580621e+01 3.2441695676184003e+02
1.6050000000000000e+10 2.4951422452462136e+01 3.2898340366713813e+02
1.6125000000000000e+10 2.5565871538091425e+01 3.3365283731452371e+02
1.6200000000000000e+10 2.6203151456949154e+01 3.3842892751468065e+02
1.6275000000000000e+10 2.6864409623459046e+01 3.4331551686624289e+02
1.6350000000000000e+10 2.7550864204121446e+01 3.4831663107268139e+02
1.6425000000000000e+10 2.8263809291422263e+01 3.5343649001099709e+02
1.6500000000000000e+10 2.9004620534937015e+01 3.5867951961578746e+02
1.6575000000000000e+10 2.9774761276928736e+01 3.6405036464837582e+02
1.6650000000000000e+10 3.0575789245196802e+01 3.6955390242745233e+02
1.6725000000000000e+10 3.1409363862151956e+01 3.7519525760520986e+02
1.6800000000000000e+10 3.2277254236069389e+01 3.8097981808129919e+02
1.6875000000000000e+10 3.3181347908424954e+01 3.8691325215624011e+02
1.6950000000000000e+10 3.4123660440207559e+01 3.9300152703626043e+02
1.7025000000000000e+10 3.5106345930338826e+01 3.9925092881309047e+02
1.7100000000000000e+10 3.6131708570959887e+01 4.0566808405511711e+02
1.7175000000000000e+10 3.7202215357636128e+01 4.1225998316071104e+02
1.7250000000000000e+10 3.8320510087672353e+01 4.1903400564064248e+02
1.7325000000000000e+10 3.9489428797089538e+01 4.2599794751456722e+02
1.7400000000000000e+10 4.0712016806692162e+01 4.3316005102680225e+02
1.7475000000000000e+10 4.1991547570470139e+01 4.4052903690935256e+02
1.7550000000000000e+10 4.3331543545866971e+01 4.4811413944573206e+02
1.7625000000000000e+10 4.4735799335695155e+01 4.5592514461788971e+02
1.7700000000000000e+10 4.6208407386467776e+01 4.6397243165102907e+02
1.7775000000000000e+10 4.7753786568369648e+01 4.7226701830770816e+02
1.7850000000000000e+10 4.9376714009051739e+01 4.8082061032402942e+02
1.7925000000000000e+10 5.1082360607961057e+01 4.8964565542753252e+02
1.8000000000000000e+10 5.2876330721507486e+01 4.9875540242948466e+02
1.8075000000000000e+10 5.4764706583551344e+01 5.0816396594442864e+02
1.8150000000000000e+10 5.6754098112556285e+01 5.1788639735818958e+02
1.8225000000000000e+10 5.8851698858609502e+01 5.2793876274325419e+02
1.8300000000000000e+10 6.1065348963345983e+01 5.3833822850884894e+02
1.8375000000000000e+10 6.3403606147054205e+01 5.4910315567383714e+02
1.8450000000000000e+10 6.5875825904236763e+01 5.6025320376546711e+02
1.8525000000000000e+10 6.8492252286816282e+01 5.7180944547821719e+02
1.8600000000000000e+10 7.1264120889435546e+01 5.8379449337689152e+02
1.8675000000000000e+10 7.4203775931710751e+01 5.9623264009951265e+02
1.8750000000000000e+10 7.7324803667542980e+01 6.0915001371159678e+02
1.8825000000000000e+10 8.0642184753564834e+01 6.2257475008773554e+02
1.8900000000000000e+10 8.4172468692357114e+01 6.3653718445305753e+02
1.8975000000000000e+10 8.7933974049559779e+01 6.5107006451080326e+02
1.9050000000000000e+10 9.1947018850484000e+01 6.6620878791777727e+02
1.9125000000000000e+10 9.6234186420130357e+01 6.8199166725263353e+02
1.9200000000000000e+10 1.0082063297692947e+02 6.9846022605835526e+02
1.9275000000000000e+10 1.0573444457089995e+02 7.1565953003612367e+02
1.9350000000000000e+10 1.1100705252952807e+02 7.3363855802860451e+02
1.9425000000000000e+10 1.1667371851351589e+02 7.5245061806136698e+02
1.9500000000000000e+10 1.2277410268456369e+02 7.7215381441464001e+02
1.9575000000000000e+10 1.2935293147030495e+02 7.9281157247302713e+02
1.9650000000000000e+10 1.3646078513458255e+02 8.1449322894161548e+02
1.9725000000000000e+10 1.4415503002814674e+02 8.3727469590572207e+02
1.9800000000000000e+10 1.5250092627072706e+02 8.6123920811547578e+02
1.9875000000000000e+10 1.6157294904700882e+02 8.8647816373624698e+02
1.9950000000000000e+10 1.7145637114154232e+02 9.1309206952242812e+02
2.0025000000000000e+10 1.8224916639174336e+02 9.4119160178354639e+02
2.0100000000000000e+10 1.9406430919912285e+02 9.7089879435917805e+02
2.0175000000000000e+10 2.0703256516485558e+02 1.0023483636944637e+03
2.0250000000000000e+10 2.2130589371806295e+02 1.0356891783702288e+03
2.0325000000000000e+10 2.3706161717431110e+02 1.0710858750912012e+03
2.0400000000000000e+10 2.5450755453343666e+02 1.1087206136125967e+03
2.0475000000000000e+10 2.7388837590789376e+02 1.1487949469574050e+03
2.0550000000000000e+10 2.9549350934155007e+02 1.1915317567413783e+03
2.0625000000000000e+10 3.1966703206300679e+02 1.2371771605192728e+03
2.0700000000000000e+10 3.4682011107286144e+02 1.2860022294091018e+03
2.0775000000000000e+10 3.7744673410977487e+02 1.3383042449993536e+03
2.0850000000000000e+10 4.1214370525757573e+02 1.3944070511008658e+03
2.0925000000000000e+10 4.5163618677163174e+02 1.4546597805669837e+03
2.1000000000000000e+10 4.9681046958666457e+02 1.5194327996255690e+03
2.1075000000000000e+10 5.4875616803337459e+02 1.5891090143180161e+03
2.1150000000000000e+10 6.0882066818597548e+02 1.6640675679119713e+03
2.1225000000000000e+10 6.7867939062325672e+02 1.7446551695150695e+03
2.1300000000000000e+10 7.6042615177542837e+02 1.8311374224923829e+03
2.1375000000000000e+10 8.5668832634994214e+02 1.9236179159868768e+03
2.1450000000000000e+10 9.7077090412440612e+02 2.0219055000939986e+03
2.1525000000000000e+10 1.1068302635671087e+03 2.1252986242800434e+03
2.1600000000000000e+10 1.2700690261183720e+03 2.2322380154736620e+03
2.1675000000000000e+10 1.4669204128148378e+03 2.3397537299376236e+03
2.1750000000000000e+10 1.7051397801318203e+03 2.4426011149649016e+03
2.1825000000000000e+10 1.9936167041062272e+03 2.5319548458286158e+03
2.1900000000000000e+10 2.3415244996034990e+03 2.5935549804864418e+03
2.1975000000000000e+10 2.7561040648004459e+03 2.6053934065683789e+03
2.2050000000000000e+10 3.2380093286690235e+03 2.5356503360196898e+03
2.2125000000000000e+10 3.7731861026353849e+03 2.3430050624918586e+03
2.2200000000000000e+10 4.3220291319994503e+03 1.9835824607886022e+03
2.2275000000000000e+10 4.8118947328675731e+03 1.4294012094554596e+03
2.2350000000000000e+10 5.1462520342415373e+03 6.9628487968933428e+02
2.2425000000000000e+10 5.2406188970421081e+03 -1.3788659592391900e+02
2.2500000000000000e+10 5.0691552175716270e+03 -9.5181040926194555e+02
2.2575000000000000e+10 4.6810141119591890e+03 -1.6339175055235289e+03
2.2650000000000000e+10 4.1694736599713215e+03 -2.1271062959149244e+03
2.2725000000000000e+10 3.6251764584442863e+03 -2.4328004525642850e+03
2.2800000000000000e+10 3.1093778488977723e+03 -2.5864155622012308e+03
2.2875000000000000e+10 2.6520727476093834e+03 -2.6317382424798620e+03
2.2950000000000000e+10 2.2616061498255540e+03 -2.6068180035727046e+03
2.3025000000000000e+10 1.9347774841035518e+03 -2.5398322694559270e+03
2.3100000000000000e+10 1.6636561151569595e+03 -2.4498698539802936e+03
2.3175000000000000e+10 1.4392586401821200e+03 -2.3491597384311281e+03
2.3250000000000000e+10 1.2532088049383415e+03 -2.2452201402471019e+03
2.3325000000000000e+10 1.0983200914955701e+03 -2.1424962206868804e+03
2.3400000000000000e+10 9.6867426139224949e+02 -2.0434889087317288e+03
2.3475000000000000e+10 8.5949693543886860e+02 -1.9494946760785213e+03
2.3550000000000000e+10 7.6697316039389261e+02 -1.8610773936555661e+03
2.3625000000000000e+10 6.8806427548240242e+02 -1.7783647275828407e+03
2.3700000000000000e+10 6.2034839709704215e+02 -1.7012325238748990e+03
2.3775000000000000e+10 5.6188952437097225e+02 -1.6294186050651431e+03
2.3850000000000000e+10 5.1113333103207071e+02 -1.5625923630696723e+03
2.3925000000000000e+10 4.6682547903811911e+02 -1.5003967573106963e+03
2.4000000000000000e+10 4.2794805045092602e+02 -1.4424731238528113e+03
2.4075000000000000e+10 3.9367019632312110e+02 -1.3884753082144621e+03
2.4150000000000000e+10 3.6330979821162452e+02 -1.3380772009760981e+03
2.4225000000000000e+10 3.3630360885146234e+02 -1.2909762341354710e+03
2.4300000000000000e+10 3.1218390927740813e+02 -1.2468944432766602e+03
2.4375000000000000e+10 2.9056017792342686e+02 -1.2055781018851935e+03
2.4450000000000000e+10 2.7110462411988090e+02 -1.1667965567232422e+03
2.4525000000000000e+10 2.5354071180660361e+02 -1.1303406546232111e+03
2.4600000000000000e+10 2.3763400691449735e+02 -1.0960210000201116e+03
2.4675000000000000e+10 2.2318483894218340e+02 -1.0636661869087345e+03
2.4750000000000000e+10 2.1002238597972001e+02 -1.0331210884904146e+03
2.4825000000000000e+10 1.9799988226822310e+02 -1.0042452498035832e+03
2.4900000000000000e+10 1.8699071553003574e+02 -9.7691140500656309e+02
2.4975000000000000e+10 1.7688523316488241e+02 -9.5100412652268199e+02
2.5050000000000000e+10 1.6758811603156835e+02 -9.2641860465084187e+02
2.5125000000000000e+10 1.5901620893724177e+02 -9.0305955135504871e+02
2.5200000000000000e+10 1.5109672039008055e+02 -8.8084021940062428e+02
2.5275000000000000e+10 1.4376572231681263e+02 -8.5968152691529940e+02
2.5350000000000000e+10 1.3696689456458805e+02 -8.3951127725105619e+02
2.5425000000000000e+10 1.3065047004170310e+02 -8.2026346433934498e+02
2.5500000000000000e+10 1.2477234501904630e+02 -8.0187765433655716e+02
2.5575000000000000e+10 1.1929332595149226e+02 -7.8429843509949865e+02
2.5650000000000000e+10 1.1417848959871014e+02 -7.6747492582247924e+02
2.5725000000000000e+10 1.0939663753897310e+02 -7.5136033995249795e+02
2.5800000000000000e+10 1.0491982962002747e+02 -7.3591159524625948e+02
2.5875000000000000e+10 1.0072298366072198e+02 -7.2108896552527233e+02
2.5950000000000000e+10 9.6783530951415486e+01 -7.0685576931615208e+02
2.6025000000000000e+10 9.3081118908787730e+01 -6.9317809113086560e+02
2.6100000000000000e+10 8.9597353710717513e+01 -6.8002453164795020e+02
2.6175000000000000e+10 8.6315576935538772e+01 -6.6736598350481540e+02
2.6250000000000000e+10 8.3220671211688412e+01 -6.5517542980722646e+02
2.6325000000000000e+10 8.0298890690303949e+01 -6.4342776281087038e+02
2.6400000000000000e+10 7.7537712818699347e+01 -6.3209962053579579e+02
2.6475000000000000e+10 7.4925708442568762e+01 -6.2116923934306362e+02
2.6550000000000000e+10 7.2452427721789334e+01 -6.1061632073767623e+02
2.6625000000000000e+10 7.0108299724952261e+01 -6.0042191086786897e+02
2.6700000000000000e+10 6.7884543885329037e+01 -5.9056829137076568e+02
2.6775000000000000e+10 6.5773091767078341e+01 -5.8103888037227421e+02
2.6850000000000000e+10 6.3766517814055895e+01 -5.7181814258712711e+02
2.6925000000000000e+10 6.1857977941945535e+01 -5.6289150758609208e+02
2.7000000000000000e+10 6.0041154993309959e+01 -5.5424529540351841e+02
2.7075000000000000e+10 5.8310210210109787e+01 -5.4586664875161682e+02
2.7150000000000000e+10 5.6659739992438524e+01 -5.3774347118963942e+02
2.7225000000000000e+10 5.5084737309708906e+01 -5.2986437066822646e+02
2.7300000000000000e+10 5.3580557213496192e+01 -5.2221860793231951e+02
2.7375000000000000e+10 5.2142885972357597e+01 -5.1479604932212123e+02
2.7450000000000000e+10 5.0767713409888287e+01 -5.0758712356038160e+02
2.7525000000000000e+10 4.9451308079420549e+01 -5.0058278215813647e+02
2.7600000000000000e+10 4.8190194954087659e+01 -4.9377446310901382e+02
2.7675000000000000e+10 4.6981135349592570e+01 -4.8715405757635449e+02
2.7750000000000000e+10 4.5821108830886544e+01 -4.8071387930725888e+02
2.7825000000000000e+10 4.4707296882853278e+01 -4.7444663653442427e+02
2.7900000000000000e+10 4.3637068150653583e+01 -4.6834540614995609e+02
2.7975000000000000e+10 4.2607965077270897e+01 -4.6240360995650371e+02
2.8050000000000000e+10 4.1617691785085590e+01 -4.5661499281942548e+02
2.8125000000000000e+10 4.0664103065118589e+01 -4.5097360256023057e+02
2.8200000000000000e+10 3.9745194352398372e+01 -4.4547377144629547e+02
2.8275000000000000e+10 3.8859092578843651e+01 -4.4011009914472254e+02
2.8350000000000000e+10 3.8004047806511188e+01 -4.3487743701999904e+02
2.8425000000000000e+10 3.7178425554197588e+01 -4.2977087366527229e+02
2.8500000000000000e+10 3.6380699739478928e+01 -4.2478572156653235e+02
2.8575000000000000e+10 3.5609446166108853e+01 -4.1991750480690399e+02
2.8650000000000000e+10 3.4863336494091968e+01 -4.1516194772602552e+02
2.8725000000000000e+10 3.4141132636021389e+01 -4.1051496445567057e+02
2.8800000000000000e+10 3.3441681529190312e+01 -4.0597264925907911e+02
2.8875000000000000e+10 3.2763910238256919e+01 -4.0153126760645853e+02
2.8950000000000000e+10 3.2106821347979356e+01 -3.9718724792423450e+02
2.9025000000000000e+10 3.1469488609951298e+01 -3.9293717395970117e+02
2.9100000000000000e+10 3.0851052811361715e+01 -3.8877777770692165e+02
2.9175000000000000e+10 3.0250717837373056e+01 -3.8470593284313975e+02
2.9250000000000000e+10 2.9667746902265012e+01 -3.8071864862849952e+02
2.9325000000000000e+10 2.9101458927604689e+01 -3.7681306422471658e+02
2.9400000000000000e+10 2.8551225048683328e+01 -3.7298644339138093e+02
2.9475000000000000e+10 2.8016465233164354e+01 -3.6923616952113230e+02
2.9550000000000000e+10 2.7496644998557208e+01 -3.6555974097756905e+02
2.9625000000000000e+10 2.6991272217326781e+01 -3.6195476670198246e+02
2.9700000000000000e+10 2.6499894000925234e+01 -3.5841896205751516e+02
2.9775000000000000e+10 2.6022093655847904e+01 -3.5495014488133222e+02
2.9850000000000000e+10 2.5557487706864062e+01 -3.5154623171765519e+02
2.9925000000000000e+10 2.5105722984309111e+01 -3.4820523420649636e+02
3.0000000000000000e+10 2.4666473773937795e+01 -3.4492525560502060e+02
