0.0000000000000000e+00 -5.4625468682186273e-01 1.8000000000000000e+02
7.5000000000000000e+07 -5.4631127339382135e-01 1.7815660147326116e+02
1.5000000000000000e+08 -5.4648042829323196e-01 1.7631413976560896e+02
2.2500000000000000e+08 -5.4676034328376111e-01 1.7447354846143895e+02
3.0000000000000000e+08 -5.4714802525522277e-01 1.7263575470301183e+02
3.7500000000000000e+08 -5.4763932682505634e-01 1.7080167603708838e+02
4.5000000000000000e+08 -5.4822898853990731e-01 1.6897221734165490e+02
5.2500000000000000e+08 -5.4891069205464449e-01 1.6714826785754408e+02
6.0000000000000000e+08 -5.4967712351237463e-01 1.6533069834819651e+02
6.7500000000000000e+08 -5.5052004621328721e-01 1.6352035840892484e+02
7.5000000000000000e+08 -5.5143038154346524e-01 1.6171807394488960e+02
8.2500000000000000e+08 -5.5239829704049959e-01 1.5992464483461234e+02
9.0000000000000000e+08 -5.5341330040135650e-01 1.5814084279329765e+02
9.7500000000000000e+08 -5.5446433819017016e-01 1.5636740944756332e+02
1.0500000000000000e+09 -5.5553989797975678e-01 1.5460505463043924e+02
1.1250000000000000e+09 -5.5662811265947143e-01 1.5285445490275120e+02
1.2000000000000000e+09 -5.5771686566269474e-01 1.5111625230429686e+02
1.2750000000000000e+09 -5.5879389590764450e-01 1.4939105333560497e+02
1.3500000000000000e+09 -5.5984690130344061e-01 1.4767942816857652e+02
1.4250000000000000e+09 -5.6086363974697384e-01 1.4598191008198367e+02
1.5000000000000000e+09 -5.6183202662216680e-01 1.4429899511566904e+02
1.5750000000000000e+09 -5.6274022790945921e-01 1.4263114193537660e+02
1.6500000000000000e+09 -5.6357674811659531e-01 1.4097877189846258e+02
1.7250000000000000e+09 -5.6433051234994447e-01 1.3934226930929958e+02
1.8000000000000000e+09 -5.6499094195541166e-01 1.3772198185199480e+02
1.8750000000000000e+09 -5.6554802326829612e-01 1.3611822118710114e+02
1.9500000000000000e+09 -5.6599236911909545e-01 1.3453126369829124e+02
2.0250000000000000e+09 -5.6631527284664895e-01 1.3296135137448971e+02
2.1000000000000000e+09 -5.6650875466857586e-01 1.3140869281269303e+02
2.1750000000000000e+09 -5.6656560035194603e-01 1.2987346432664415e+02
2.2500000000000000e+09 -5.6647939221216681e-01 1.2835581114664035e+02
2.3250000000000000e+09 -5.6624453254618001e-01 1.2685584869602728e+02
2.4000000000000000e+09 -5.6585625967551101e-01 1.2537366393034554e+02
2.4750000000000000e+09 -5.6531065683649573e-01 1.2390931672562721e+02
2.5500000000000000e+09 -5.6460465420851469e-01 1.2246284130297060e+02
2.6250000000000000e+09 -5.6373602441681636e-01 1.2103424767723378e+02
2.7000000000000000e+09 -5.6270337188477837e-01 1.1962352311845943e+02
2.7750000000000000e+09 -5.6150611644173687e-01 1.1823063361546274e+02
2.8500000000000000e+09 -5.6014447161692271e-01 1.1685552533186492e+02
2.9250000000000000e+09 -5.5861941806891247e-01 1.1549812604571800e+02
3.0000000000000000e+09 -5.5693267261258028e-01 1.1415834656474142e+02
3.0750000000000000e+09 -5.5508665331378193e-01 1.1283608211005355e+02
3.1500000000000000e+09 -5.5308444112511845e-01 1.1153121366213382e+02
3.2250000000000000e+09 -5.5092973853548233e-01 1.1024360926358031e+02
3.3000000000000000e+09 -5.4862682570155652e-01 1.0897312527402811e+02
3.3750000000000000e+09 -5.4618051452179195e-01 1.0771960757336161e+02
3.4500000000000000e+09 -5.4359610110264256e-01 1.0648289271008470e+02
3.5250000000000000e+09 -5.4087931705353054e-01 1.0526280899240226e+02
3.6000000000000000e+09 -5.3803628003157067e-01 1.0405917752021519e+02
3.6750000000000000e+09 -5.3507344393907930e-01 1.0287181315683421e+02
3.7500000000000000e+09 -5.3199754915768438e-01 1.0170052543977610e+02
3.8250000000000000e+09 -5.2881557318149985e-01 1.0054511943052103e+02
3.9000000000000000e+09 -5.2553468198934328e-01 9.9405396503576426e+01
3.9750000000000000e+09 -5.2216218247216473e-01 9.8281155075616809e+01
4.0500000000000000e+09 -5.1870547620709373e-01 9.7172191275848533e+01
4.1250000000000000e+09 -5.1517201484379005e-01 9.6078299559083291e+01
4.2000000000000000e+09 -5.1156925734261627e-01 9.4999273263299997e+01
4.2750000000000000e+09 -5.0790462927720170e-01 9.3934905113725137e+01
4.3500000000000000e+09 -5.0418548438726107e-01 9.2884987675679156e+01
4.4250000000000000e+09 -5.0041906854015350e-01 9.1849313758609696e+01
4.5000000000000000e+09 -4.9661248623295995e-01 9.0827676773875837e+01
4.5750000000000000e+09 -4.9277266974018491e-01 8.9819871048953587e+01
4.6500000000000000e+09 -4.8890635098610802e-01 8.8825692100807757e+01
4.7250000000000000e+09 -4.8502003619549933e-01 8.7844936871222444e+01
4.8000000000000000e+09 -4.8111998335191147e-01 8.6877403926898921e+01
4.8750000000000000e+09 -4.7721218246947811e-01 8.5922893627123202e+01
4.9500000000000000e+09 -4.7330233866183979e-01 8.4981208261775407e+01
5.0250000000000000e+09 -4.6939585797113836e-01 8.4052152162401924e+01
5.1000000000000000e+09 -4.6549783590067773e-01 8.3135531789001121e+01
5.1750000000000000e+09 -4.6161304857711055e-01 8.2231155795088355e+01
5.2500000000000000e+09 -4.5774594645197564e-01 8.1338835073505464e+01
5.3250000000000000e+09 -4.5390065043811600e-01 8.0458382785329505e+01
5.4000000000000000e+09 -4.5008095036383455e-01 7.9589614374111363e+01
5.4750000000000000e+09 -4.4629030561711791e-01 7.8732347567549937e+01
5.5500000000000000e+09 -4.4253184784294120e-01 7.7886402368568483e+01
5.6250000000000000e+09 -4.3880838554974927e-01 7.7051601037624479e+01
5.7000000000000000e+09 -4.3512241047541755e-01 7.6227768067941611e+01
5.7750000000000000e+09 -4.3147610555921206e-01 7.5414730155211601e+01
5.8500000000000000e+09 -4.2787135436398233e-01 7.4612316163173219e+01
5.9250000000000000e+09 -4.2430975179183039e-01 7.3820357086336699e+01
6.0000000000000000e+09 -4.2079261593713996e-01 7.3038686010987021e+01
6.0750000000000000e+09 -4.1732100092253122e-01 7.2267138075467770e+01
6.1500000000000000e+09 -4.1389571056631869e-01 7.1505550430622179e+01
6.2250000000000000e+09 -4.1051731273393871e-01 7.0753762201145832e+01
6.3000000000000000e+09 -4.0718615423068533e-01 7.0011614448494086e+01
6.3750000000000000e+09 -4.0390237609878665e-01 6.9278950135876329e+01
6.4500000000000000e+09 -4.0066592918810040e-01 6.8555614095772555e+01
6.5250000000000000e+09 -3.9747658987662216e-01 6.7841453000311290e+01
6.6000000000000000e+09 -3.9433397582435420e-01 6.7136315334763921e+01
6.6750000000000000e+09 -3.9123756165158918e-01 6.6440051374330835e+01
6.7500000000000000e+09 -3.8818669444078457e-01 6.5752513164323531e+01
6.8250000000000000e+09 -3.8518060896906520e-01 6.5073554503782418e+01
6.9000000000000000e+09 -3.8221844258662124e-01 6.4403030932512067e+01
6.9750000000000000e+09 -3.7929924966440187e-01 6.3740799721464704e+01
7.0500000000000000e+09 -3.7642201554253341e-01 6.3086719866358209e+01
7.1250000000000000e+09 -3.7358566991885028e-01 6.2440652084375415e+01
7.2000000000000000e+09 -3.7078909962480672e-01 6.1802458813759088e+01
7.2750000000000000e+09 -3.6803116074347375e-01 6.1172004216088602e+01
7.3500000000000000e+09 -3.6531069003166877e-01 6.0549154181001029e+01
7.4250000000000000e+09 -3.6262651561555415e-01 5.9933776333102728e+01
7.5000000000000000e+09 -3.5997746693538957e-01 5.9325740040800866e+01
7.5750000000000000e+09 -3.5736238392202124e-01 5.8724916426777206e+01
7.6500000000000000e+09 -3.5478012539350207e-01 5.8131178379817499e+01
7.7250000000000000e+09 -3.5222957666607779e-01 5.7544400567708202e+01
7.8000000000000000e+09 -3.4970965637940360e-01 5.6964459450911946e+01
7.8750000000000000e+09 -3.4721932254067489e-01 5.6391233296735564e+01
7.9500000000000000e+09 -3.4475757779730670e-01 5.5824602193709254e+01
8.0250000000000000e+09 -3.4232347395215806e-01 5.5264448065904489e+01
8.1000000000000000e+09 -3.3991611573922786e-01 5.4710654686925523e+01
8.1750000000000000e+09 -3.3753466388160175e-01 5.4163107693322452e+01
8.2500000000000000e+09 -3.3517833745675485e-01 5.3621694597185765e+01
8.3250000000000000e+09 -3.3284641559728684e-01 5.3086304797696393e+01
8.4000000000000000e+09 -3.3053823855784414e-01 5.2556829591421469e+01
8.4750000000000000e+09 -3.2825320818153614e-01 5.2033162181161991e+01
8.5500000000000000e+09 -3.2599078780091156e-01 5.1515197683175749e+01
8.6250000000000000e+09 -3.2375050161048846e-01 5.1002833132617866e+01
8.7000000000000000e+09 -3.2153193354916282e-01 5.0495967487058934e+01
8.7750000000000000e+09 -3.1933472573197863e-01 4.9994501627960076e+01
8.8500000000000000e+09 -3.1715857647147133e-01 4.9498338360004233e+01
8.9250000000000000e+09 -3.1500323792934765e-01 4.9007382408200911e+01
9.0000000000000000e+09 -3.1286851343962419e-01 4.8521540412702372e+01
9.0750000000000000e+09 -3.1075425454406069e-01 4.8040720921287779e+01
9.1500000000000000e+09 -3.0866035778072159e-01 4.7564834379489795e+01
9.2250000000000000e+09 -3.0658676126573065e-01 4.7093793118358832e+01
9.3000000000000000e+09 -3.0453344110765301e-01 4.6627511339874928e+01
9.3750000000000000e+09 -3.0250040769288455e-01 4.6165905100037044e+01
9.4500000000000000e+09 -3.0048770187919205e-01 4.5708892289674388e+01
9.5250000000000000e+09 -2.9849539113324453e-01 4.5256392613039992e+01
9.6000000000000000e+09 -2.9652356564635574e-01 4.4808327564262413e+01
9.6750000000000000e+09 -2.9457233446086661e-01 4.4364620401742918e+01
9.7500000000000000e+09 -2.9264182163785168e-01 4.3925196120599743e+01
9.8250000000000000e+09 -2.9073216249480127e-01 4.3489981423271210e+01
9.9000000000000000e+09 -2.8884349993975128e-01 4.3058904688399139e+01
9.9750000000000000e+09 -2.8697598092634180e-01 4.2631895938123563e+01
1.0050000000000000e+10 -2.8512975305185073e-01 4.2208886803926369e+01
1.0125000000000000e+10 -2.8330496131817506e-01 4.1789810491167842e+01
1.0200000000000000e+10 -2.8150174507325254e-01 4.1374601742465067e+01
1.0275000000000000e+10 -2.7972023514818373e-01 4.0963196800064253e+01
1.0350000000000000e+10 -2.7796055120312091e-01 4.0555533367361654e+01
1.0425000000000000e+10 -2.7622279929246119e-01 4.0151550569728826e+01
1.0500000000000000e+10 -2.7450706965795207e-01 3.9751188914797694e+01
1.0575000000000000e+10 -2.7281343475596287e-01 3.9354390252359543e+01
1.0650000000000000e+10 -2.7114194752311155e-01 3.8961097734030346e+01
1.0725000000000000e+10 -2.6949263988249705e-01 3.8571255772830867e+01
1.0800000000000000e+10 -2.6786552149078952e-01 3.8184810002826531e+01
1.0875000000000000e+10 -2.6626057872470460e-01 3.7801707238966131e+01
1.0950000000000000e+10 -2.6467777390358793e-01 3.7421895437253959e+01
1.1025000000000000e+10 -2.6311704474331349e-01 3.7045323655382269e+01
1.1100000000000000e+10 -2.6157830403534915e-01 3.6671942013944680e+01
1.1175000000000000e+10 -2.6006143954322702e-01 3.6301701658343838e+01
1.1250000000000000e+10 -2.5856631410781494e-01 3.5934554721497825e+01
1.1325000000000000e+10 -2.5709276595139685e-01 3.5570454287442878e+01
1.1400000000000000e+10 -2.5564060916988646e-01 3.5209354355920091e+01
1.1475000000000000e+10 -2.5420963440146210e-01 3.4851209808026489e+01
1.1550000000000000e+10 -2.5279960965943604e-01 3.4495976373000971e+01
1.1625000000000000e+10 -2.5141028131642673e-01 3.4143610596207431e+01
1.1700000000000000e+10 -2.5004137522659453e-01 3.3794069808368782e+01
1.1775000000000000e+10 -2.4869259797229309e-01 3.3447312096096162e+01
1.1850000000000000e+10 -2.4736363822129295e-01 3.3103296273749876e+01
1.1925000000000000e+10 -2.4605416818063944e-01 3.2761981856659709e+01
1.2000000000000000e+10 -2.4476384513313146e-01 3.2423329035724791e+01
1.2075000000000000e+10 -2.4349231304255786e-01 3.2087298653404304e+01
1.2150000000000000e+10 -2.4223920421392936e-01 3.1753852181103930e+01
1.2225000000000000e+10 -2.4100414099518072e-01 3.1422951697954932e+01
1.2300000000000000e+10 -2.3978673750719051e-01 3.1094559870976209e+01
1.2375000000000000e+10 -2.3858660138922763e-01 3.0768639936602884e+01
1.2450000000000000e+10 -2.3740333554752452e-01 3.0445155683559790e+01
1.2525000000000000e+10 -2.3623653989500454e-01 3.0124071437050699e+01
1.2600000000000000e+10 -2.3508581307085119e-01 2.9805352044230997e+01
1.2675000000000000e+10 -2.3395075412914257e-01 2.9488962860924993e+01
1.2750000000000000e+10 -2.3283096418633939e-01 2.9174869739545311e+01
1.2825000000000000e+10 -2.3172604801821292e-01 2.8863039018167520e+01
1.2900000000000000e+10 -2.3063561559727053e-01 2.8553437510709742e+01
1.2975000000000000e+10 -2.2955928356259409e-01 2.8246032498163437e+01
1.3050000000000000e+10 -2.2849667661468176e-01 2.7940791720819036e+01
1.3125000000000000e+10 -2.2744742882856650e-01 2.7637683371427482e+01
1.3200000000000000e+10 -2.2641118487921574e-01 2.7336676089236907e+01
1.3275000000000000e+10 -2.2538760117407980e-01 2.7037738954841753e+01
1.3350000000000000e+10 -2.2437634688822403e-01 2.6740841485780955e+01
1.3425000000000000e+10 -2.2337710489832854e-01 2.6445953632820139e+01
1.3500000000000000e+10 -2.2238957261254072e-01 2.6153045776853041e+01
1.3575000000000000e+10 -2.2141346269390033e-01 2.5862088726356912e+01
1.3650000000000000e+10 -2.2044850367571919e-01 2.5573053715336453e+01
1.3725000000000000e+10 -2.1949444046808733e-01 2.5285912401692148e+01
1.3800000000000000e+10 -2.1855103475521631e-01 2.5000636865948877e+01
1.3875000000000000e+10 -2.1761806528411243e-01 2.4717199610282449e+01
1.3950000000000000e+10 -2.1669532804566391e-01 2.4435573557782522e+01
1.4025000000000000e+10 -2.1578263634974812e-01 2.4155732051892574e+01
1.4100000000000000e+10 -2.1487982079666867e-01 2.3877648855968978e+01
1.4175000000000000e+10 -2.1398672914771097e-01 2.3601298152903887e+01
1.4250000000000000e+10 -2.1310322609811688e-01 2.3326654544758721e+01
1.4325000000000000e+10 -2.1222919295627485e-01 2.3053693052357371e+01
1.4400000000000000e+10 -2.1136452723334229e-01 2.2782389114791723e+01
1.4475000000000000e+10 -2.1050914214798383e-01 2.2512718588793895e+01
1.4550000000000000e+10 -2.0966296605122128e-01 2.2244657747933829e+01
1.4625000000000000e+10 -2.0882594177673514e-01 2.1978183281603066e+01
1.4700000000000000e+10 -2.0799802592229147e-01 2.1713272293749203e+01
1.4775000000000000e+10 -2.0717918806815619e-01 2.1449902301328880e+01
1.4850000000000000e+10 -2.0636940993866526e-01 2.1188051232450480e+01
1.4925000000000000e+10 -2.0556868451319596e-01 2.0927697424180909e+01
1.5000000000000000e+10 -2.0477701509301460e-01 2.0668819619994942e+01
1.5075000000000000e+10 -2.0399441433048812e-01 2.0411396966848159e+01
1.5150000000000000e+10 -2.0322090322732633e-01 2.0155409011858769e+01
1.5225000000000000e+10 -2.0245651010840734e-01 1.9900835698586590e+01
1.5300000000000000e+10 -2.0170126957786105e-01 1.9647657362900844e+01
1.5375000000000000e+10 -2.0095522146394357e-01 1.9395854728432049e+01
1.5450000000000000e+10 -2.0021840975922239e-01 1.9145408901606054e+01
1.5525000000000000e+10 -1.9949088156248840e-01 1.8896301366261802e+01
1.5600000000000000e+10 -1.9877268602854770e-01 1.8648513977857199e+01
1.5675000000000000e+10 -1.9806387333213976e-01 1.8402028957270794e+01
1.5750000000000000e+10 -1.9736449365173855e-01 1.8156828884209119e+01
1.5825000000000000e+10 -1.9667459617897173e-01 1.7912896690233016e+01
1.5900000000000000e+10 -1.9599422815912715e-01 1.7670215651418260e+01
1.5975000000000000e+10 -1.9532343396785451e-01 1.7428769380668474e+01
1.6050000000000000e+10 -1.9466225422902900e-01 1.7188541819700550e+01
1.6125000000000000e+10 -1.9401072497829855e-01 1.6949517230725004e+01
1.6200000000000000e+10 -1.9336887687666360e-01 1.6711680187845431e+01
1.6275000000000000e+10 -1.9273673447797149e-01 1.6475015568203279e+01
1.6350000000000000e+10 -1.9211431555399155e-01 1.6239508542895852e+01
1.6425000000000000e+10 -1.9150163048025251e-01 1.6005144567696455e+01
1.6500000000000000e+10 -1.9089868168549873e-01 1.5771909373607857e+01
1.6575000000000000e+10 -1.9030546316737593e-01 1.5539788957280271e+01
1.6650000000000000e+10 -1.8972196007628492e-01 1.5308769571327010e+01
1.6725000000000000e+10 -1.8914814836924221e-01 1.5078837714571204e+01
1.6800000000000000e+10 -1.8858399453503341e-01 1.4849980122258053e+01
1.6875000000000000e+10 -1.8802945539147475e-01 1.4622183756266951e+01
1.6950000000000000e+10 -1.8748447795540779e-01 1.4395435795358976e+01
1.7025000000000000e+10 -1.8694899938547369e-01 1.4169723625494541e+01
1.7100000000000000e+10 -1.8642294699725029e-01 1.3945034830256622e+01
1.7175000000000000e+10 -1.8590623835017955e-01 1.3721357181414071e+01
1.7250000000000000e+10 -1.8539878140503174e-01 1.3498678629659972e+01
1.7325000000000000e+10 -1.8490047475037466e-01 1.3276987295558465e+01
1.7400000000000000e+10 -1.8441120789616236e-01 1.3056271460733507e+01
1.7475000000000000e+10 -1.8393086163203060e-01 1.2836519559331537e+01
1.7550000000000000e+10 -1.8345930844764130e-01 1.2617720169789058e+01
1.7625000000000000e+10 -1.8299641301193909e-01 1.2399862006934898e+01
1.7700000000000000e+10 -1.8254203270789704e-01 1.2182933914455312e+01
1.7775000000000000e+10 -1.8209601821890090e-01 1.1966924857748321e+01
1.7850000000000000e+10 -1.8165821416275074e-01 1.1751823917191906e+01
1.7925000000000000e+10 -1.8122845976867757e-01 1.1537620281848758e+01
1.8000000000000000e+10 -1.8080658959276863e-01 1.1324303243627567e+01
1.8075000000000000e+10 -1.8039243426676485e-01 1.1111862191919279e+01
1.8150000000000000e+10 -1.7998582127499277e-01 1.0900286608723325e+01
1.8225000000000000e+10 -1.7958657575392611e-01 1.0689566064276645e+01
1.8300000000000000e+10 -1.7919452130882627e-01 1.0479690213195628e+01
1.8375000000000000e+10 -1.7880948084163262e-01 1.0270648791137667e+01
1.8450000000000000e+10 -1.7843127738413647e-01 1.0062431611986376e+01
1.8525000000000000e+10 -1.7805973493060209e-01 9.8550285655613195e+00
1.8600000000000000e+10 -1.7769467926360838e-01 9.6484296158496932e+00
1.8675000000000000e+10 -1.7733593876725567e-01 9.4426247997543857e+00
1.8750000000000000e+10 -1.7698334522166037e-01 9.2376042263494487e+00
1.8825000000000000e+10 -1.7663673457276405e-01 9.0333580766306198e+00
1.8900000000000000e+10 -1.7629594767181883e-01 8.8298766037455163e+00
1.8975000000000000e+10 -1.7596083097875265e-01 8.6271501336843439e+00
1.9050000000000000e+10 -1.7563123722410218e-01 8.4251690664096088e+00
1.9125000000000000e+10 -1.7530702602428422e-01 8.2239238773992849e+00
1.9200000000000000e+10 -1.7498806444536388e-01 8.0234051195755409e+00
1.9275000000000000e+10 -1.7467422751074252e-01 7.8236034255881988e+00
1.9350000000000000e+10 -1.7436539864863490e-01 7.6245095104189851e+00
1.9425000000000000e+10 -1.7406147007552941e-01 7.4261141742708165e+00
1.9500000000000000e+10 -1.7376234311237307e-01 7.2284083057034385e+00
1.9575000000000000e+10 -1.7346792843062495e-01 7.0313828849753035e+00
1.9650000000000000e+10 -1.7317814622588357e-01 6.8350289875490047e+00
1.9725000000000000e+10 -1.7289292631729111e-01 6.6393377877170838e+00
1.9800000000000000e+10 -1.7261220817155515e-01 6.4443005623028915e+00
1.9875000000000000e+10 -1.7233594085093534e-01 6.2499086943909026e+00
1.9950000000000000e+10 -1.7206408288517619e-01 6.0561536770401796e+00
2.0025000000000000e+10 -1.7179660206800981e-01 5.8630271169341190e+00
2.0100000000000000e+10 -1.7153347517943926e-01 5.6705207379205387e+00
2.0175000000000000e+10 -1.7127468763562864e-01 5.4786263843956782e+00
2.0250000000000000e+10 -1.7102023306889244e-01 5.2873360244875682e+00
2.0325000000000000e+10 -1.7077011284088753e-01 5.0966417529945325e+00
2.0400000000000000e+10 -1.7052433549266596e-01 4.9065357940369996e+00
2.0475000000000000e+10 -1.7028291613587848e-01 4.7170105033821477e+00
2.0550000000000000e+10 -1.7004587578999536e-01 4.5280583704037136e+00
2.0625000000000000e+10 -1.6981324067096151e-01 4.3396720196415028e+00
2.0700000000000000e+10 -1.6958504143710185e-01 4.1518442119289460e+00
2.0775000000000000e+10 -1.6936131239876695e-01 3.9645678450592672e+00
2.0850000000000000e+10 -1.6914209069845942e-01 3.7778359539655670e+00
2.0925000000000000e+10 -1.6892741546864626e-01 3.5916417103934442e+00
2.1000000000000000e+10 -1.6871732697485547e-01 3.4059784220492002e+00
2.1075000000000000e+10 -1.6851186575181074e-01 3.2208395312111566e+00
2.1150000000000000e+10 -1.6831107174070548e-01 3.0362186127960484e+00
2.1225000000000000e+10 -1.6811498343588160e-01 2.8521093718777322e+00
2.1300000000000000e+10 -1.6792363704912910e-01 2.6685056406600194e+00
2.1375000000000000e+10 -1.6773706570012220e-01 2.4854013749107615e+00
2.1450000000000000e+10 -1.6755529864122853e-01 2.3027906498698529e+00
2.1525000000000000e+10 -1.6737836052499080e-01 2.1206676556481066e+00
2.1600000000000000e+10 -1.6720627072229585e-01 1.9390266921405392e+00
2.1675000000000000e+10 -1.6703904269911127e-01 1.7578621634815161e+00
2.1750000000000000e+10 -1.6687668345924150e-01 1.5771685720755955e+00
2.1825000000000000e+10 -1.6671919306022137e-01 1.3969405122415524e+00
2.1900000000000000e+10 -1.6656656420894456e-01 1.2171726635132452e+00
2.1975000000000000e+10 -1.6641878194314991e-01 1.0378597836446783e+00
2.2050000000000000e+10 -1.6627582340419558e-01 8.5899670137138018e-01
2.2125000000000000e+10 -1.6613765770593339e-01 6.8057830898423677e-01
2.2200000000000000e+10 -1.6600424590363788e-01 5.0259955477545004e-01
2.2275000000000000e+10 -1.6587554106630581e-01 3.2505543541958504e-01
2.2350000000000000e+10 -1.6575148845454774e-01 1.4794098835612413e-01
2.2425000000000000e+10 -1.6563202580557873e-01 -2.8748715758963039e-02
2.2500000000000000e+10 -1.6551708372565582e-01 -2.0501858046197349e-01
2.2575000000000000e+10 -1.6540658618946585e-01 -3.8087349067968163e-01
2.2650000000000000e+10 -1.6530045114475447e-01 -5.5631831964432255e-01
2.2725000000000000e+10 -1.6519859121954375e-01 -7.3135793545469951e-01
2.2800000000000000e+10 -1.6510091452810743e-01 -9.0599720721067656e-01
2.2875000000000000e+10 -1.6500732557090303e-01 -1.0802410106521179e+00
2.2950000000000000e+10 -1.6491772622224188e-01 -1.2540942332342238e+00
2.3025000000000000e+10 -1.6483201679892936e-01 -1.4275617785738521e+00
2.3100000000000000e+10 -1.6475009720150241e-01 -1.6006485702059658e+00
2.3175000000000000e+10 -1.6467186811896881e-01 -1.7733595545919623e+00
2.3250000000000000e+10 -1.6459723228688908e-01 -1.9456997033286365e+00
2.3325000000000000e+10 -1.6452609578779559e-01 -2.1176740145099711e+00
2.3400000000000000e+10 -1.6445836938183159e-01 -2.2892875132023986e+00
2.3475000000000000e+10 -1.6439396985508573e-01 -2.4605452509992101e+00
2.3550000000000000e+10 -1.6433282137203842e-01 -2.6314523046290157e+00
2.3625000000000000e+10 -1.6427485681821496e-01 -2.8020137736003341e+00
2.3700000000000000e+10 -1.6422001911847794e-01 -2.9722347768730661e+00
2.3775000000000000e+10 -1.6416826251607713e-01 -3.1421204485571046e+00
2.3850000000000000e+10 -1.6411955379743495e-01 -3.3116759326478644e+00
2.3925000000000000e+10 -1.6407387344731927e-01 -3.4809063768175483e+00
2.4000000000000000e+10 -1.6403121671929594e-01 -3.6498169252919190e+00
2.4075000000000000e+10 -1.6399159460639112e-01 -3.8184127108513350e+00
2.4150000000000000e+10 -1.6395503469734968e-01 -3.9866988460068891e+00
2.4225000000000000e+10 -1.6392158190418518e-01 -4.1546804134099427e+00
2.4300000000000000e+10 -1.6389129904749977e-01 -4.3223624555658411e+00
2.4375000000000000e+10 -1.6386426728672954e-01 -4.4897499639310441e+00
2.4450000000000000e+10 -1.6384058638361043e-01 -4.6568478674821741e+00
2.4525000000000000e+10 -1.6382037478779835e-01 -4.8236610208556865e+00
2.4600000000000000e+10 -1.6380376953550124e-01 -4.9901941921633410e+00
2.4675000000000000e+10 -1.6379092595259415e-01 -5.1564520505992215e+00
2.4750000000000000e+10 -1.6378201715586033e-01 -5.3224391539573572e+00
2.4825000000000000e+10 -1.6377723334709510e-01 -5.4881599361896436e+00
2.4900000000000000e+10 -1.6377678089704883e-01 -5.6536186951351652e+00
2.4975000000000000e+10 -1.6378088121754603e-01 -5.8188195805591922e+00
2.5050000000000000e+10 -1.6378976942248114e-01 -5.9837665826414375e+00
2.5125000000000000e+10 -1.6380369278012963e-01 -6.1484635210574279e+00
2.5200000000000000e+10 -1.6382290896147395e-01 -6.3129140347949937e+00
2.5275000000000000e+10 -1.6384768409126341e-01 -6.4771215728511713e+00
2.5350000000000000e+10 -1.6387829061077802e-01 -6.6410893859493223e+00
2.5425000000000000e+10 -1.6391500496336237e-01 -6.8048205194173708e+00
2.5500000000000000e+10 -1.6395810511619674e-01 -6.9683178073597691e+00
2.5575000000000000e+10 -1.6400786793350139e-01 -7.1315838682539194e+00
2.5650000000000000e+10 -1.6406456641913977e-01 -7.2946211020913196e+00
2.5725000000000000e+10 -1.6412846684794707e-01 -7.4574316891781391e+00
2.5800000000000000e+10 -1.6419982580782966e-01 -7.6200175906973833e+00
2.5875000000000000e+10 -1.6427888717579797e-01 -7.7823805511258444e+00
2.5950000000000000e+10 -1.6436587905375327e-01 -7.9445221025842141e+00
2.6025000000000000e+10 -1.6446101069063396e-01 -8.1064435711863823e+00
2.6100000000000000e+10 -1.6456446941971892e-01 -8.2681460854381754e+00
2.6175000000000000e+10 -1.6467641764071694e-01 -8.4296305867180319e+00
2.6250000000000000e+10 -1.6479698987771244e-01 -8.5908978418565045e+00
2.6325000000000000e+10 -1.6492628994451639e-01 -8.7519484578110696e+00
2.6400000000000000e+10 -1.6506438825033456e-01 -8.9127828984141928e+00
2.6475000000000000e+10 -1.6521131927815014e-01 -9.0734015031501691e+00
2.6550000000000000e+10 -1.6536707926903199e-01 -9.2338045078978670e+00
2.6625000000000000e+10 -1.6553162414514638e-01 -9.3939920675512312e+00
2.6700000000000000e+10 -1.6570486770376339e-01 -9.5539642804102609e+00
2.6775000000000000e+10 -1.6588668011366980e-01 -9.7137212142101088e+00
2.6850000000000000e+10 -1.6607688674433307e-01 -9.8732629336350755e+00
2.6925000000000000e+10 -1.6627526735681597e-01 -1.0032589529140463e+01
2.7000000000000000e+10 -1.6648155568306822e-01 -1.0191701146884753e+01
2.7075000000000000e+10 -1.6669543941862253e-01 -1.0350598019551267e+01
2.7150000000000000e+10 -1.6691656065063759e-01 -1.0509280497819731e+01
2.7225000000000000e+10 -1.6714451674061795e-01 -1.0667749082226408e+01
2.7300000000000000e+10 -1.6737886167755112e-01 -1.0826004455136889e+01
2.7375000000000000e+10 -1.6761910791367474e-01 -1.0984047512533614e+01
2.7450000000000000e+10 -1.6786472869136448e-01 -1.1141879395313063e+01
2.7525000000000000e+10 -1.6811516086457867e-01 -1.1299501519767174e+01
2.7600000000000000e+10 -1.6836980821468972e-01 -1.1456915606920212e+01
2.7675000000000000e+10 -1.6862804525476927e-01 -1.1614123710380904e+01
2.7750000000000000e+10 -1.6888922151218988e-01 -1.1771128242368508e+01
2.7825000000000000e+10 -1.6915266627314657e-01 -1.1927931997566596e+01
2.7900000000000000e+10 -1.6941769376834948e-01 -1.2084538174466049e+01
2.7975000000000000e+10 -1.6968360877292871e-01 -1.2240950393858354e+01
2.8050000000000000e+10 -1.6994971258835076e-01 -1.2397172714155211e+01
2.8125000000000000e+10 -1.7021530936855928e-01 -1.2553209643222090e+01
2.8200000000000000e+10 -1.7047971274726087e-01 -1.2709066146428523e+01
2.8275000000000000e+10 -1.7074225271797266e-01 -1.2864747650643475e+01
2.8350000000000000e+10 -1.7100228271315338e-01 -1.3020260043924825e+01
2.8425000000000000e+10 -1.7125918682424165e-01 -1.3175609670686095e+01
2.8500000000000000e+10 -1.7151238709999733e-01 -1.3330803322148956e+01
2.8575000000000000e+10 -1.7176135085610211e-01 -1.3485848221936877e+01
2.8650000000000000e+10 -1.7200559792594258e-01 -1.3640752006691933e+01
2.8725000000000000e+10 -1.7224470777899370e-01 -1.3795522701653173e+01
2.8800000000000000e+10 -1.7247832643094291e-01 -1.3950168691167971e+01
2.8875000000000000e+10 -1.7270617306806529e-01 -1.4104698684166571e+01
2.8950000000000000e+10 -1.7292804630677935e-01 -1.4259121674670039e+01
2.9025000000000000e+10 -1.7314383000908540e-01 -1.4413446897462922e+01
2.9100000000000000e+10 -1.7335349857520635e-01 -1.4567683779105884e+01
2.9175000000000000e+10 -1.7355712163525761e-01 -1.4721841884525208e+01
2.9250000000000000e+10 -1.7375486806405949e-01 -1.4875930859460993e+01
2.9325000000000000e+10 -1.7394700924592688e-01 -1.5029960369118051e+01
2.9400000000000000e+10 -1.7413392151960116e-01 -1.5183940033408465e+01
2.9475000000000000e+10 -1.7431608773768864e-01 -1.5337879359231254e+01
2.9550000000000000e+10 -1.7449409788069054e-01 -1.5491787670278223e+01
2.9625000000000000e+10 -1.7466864867039472e-01 -1.5645674034910543e+01
2.9700000000000000e+10 -1.7484054213568065e-01 -1.5799547192683704e+01
2.9775000000000000e+10 -1.7501068308942491e-01 -1.5953415480149427e+01
2.9850000000000000e+10 -1.7518007548431724e-01 -1.6107286756594064e+01
2.9925000000000000e+10 -1.7534981762367696e-01 -1.6261168330408989e+01
3.0000000000000000e+10 -1.7552109621278209e-01 -1.6415066886814103e+01
