0	0.000115884
1.19096e-13	0.00011809
2.38192e-13	0.000120255
3.57288e-13	0.000122376
4.76383e-13	0.00012445
5.95479e-13	0.000126475
7.14575e-13	0.000128449
8.33671e-13	0.000130368
9.52767e-13	0.000132231
1.07186e-12	0.000134035
1.19096e-12	0.000135777
1.31005e-12	0.000137455
1.42915e-12	0.000139066
1.54825e-12	0.000140608
1.66734e-12	0.000142079
1.78644e-12	0.000143475
1.90553e-12	0.000144794
2.02463e-12	0.000146034
2.14373e-12	0.000147192
2.26282e-12	0.000148265
2.38192e-12	0.000149252
2.50101e-12	0.000150149
2.62011e-12	0.000150955
2.7392e-12	0.000151667
2.8583e-12	0.000152282
2.9774e-12	0.000152798
3.09649e-12	0.000153212
3.21559e-12	0.000153523
3.33468e-12	0.000153728
3.45378e-12	0.000153825
3.57288e-12	0.000153811
3.69197e-12	0.000153685
3.81107e-12	0.000153444
3.93016e-12	0.000153086
4.04926e-12	0.000152609
4.16835e-12	0.000152011
4.28745e-12	0.00015129
4.40655e-12	0.000150445
4.52564e-12	0.000149472
4.64474e-12	0.000148371
4.76383e-12	0.00014714
4.88293e-12	0.000145777
5.00203e-12	0.000144281
5.12112e-12	0.000142649
5.24022e-12	0.000140882
5.35931e-12	0.000138976
5.47841e-12	0.000136931
5.59751e-12	0.000134745
5.7166e-12	0.000132418
5.8357e-12	0.000129949
5.95479e-12	0.000127335
6.07389e-12	0.000124578
6.19298e-12	0.000121674
6.31208e-12	0.000118625
6.43118e-12	0.000115429
6.55027e-12	0.000112086
6.66937e-12	0.000108595
6.78846e-12	0.000104956
6.90756e-12	0.000101169
7.02666e-12	9.72332e-05
7.14575e-12	9.31494e-05
7.26485e-12	8.89173e-05
7.38394e-12	8.45373e-05
7.50304e-12	8.00095e-05
7.62213e-12	7.53345e-05
7.74123e-12	7.05127e-05
7.86033e-12	6.5545e-05
7.97942e-12	6.04321e-05
8.09852e-12	5.51748e-05
8.21761e-12	4.97744e-05
8.33671e-12	4.42319e-05
8.45581e-12	3.85487e-05
8.5749e-12	3.27261e-05
8.694e-12	2.67658e-05
8.81309e-12	2.06695e-05
8.93219e-12	1.4439e-05
9.05128e-12	8.07627e-06
9.17038e-12	1.5834e-06
9.28948e-12	-5.03736e-06
9.40857e-12	-1.17836e-05
9.52767e-12	-1.86529e-05
9.64676e-12	-2.56424e-05
9.76586e-12	-3.27495e-05
9.88496e-12	-3.99712e-05
1.00041e-11	-4.73044e-05
1.01231e-11	-5.47458e-05
1.02422e-11	-6.22922e-05
1.03613e-11	-6.994e-05
1.04804e-11	-7.76855e-05
1.05995e-11	-8.5525e-05
1.07186e-11	-9.34546e-05
1.08377e-11	-0.00010147
1.09568e-11	-0.000109567
1.10759e-11	-0.000117742
1.1195e-11	-0.00012599
1.13141e-11	-0.000134305
1.14332e-11	-0.000142685
1.15523e-11	-0.000151122
1.16714e-11	-0.000159614
1.17905e-11	-0.000168153
1.19096e-11	-0.000176736
1.20287e-11	-0.000185356
1.21478e-11	-0.000194009
1.22669e-11	-0.000202687
1.2386e-11	-0.000211386
1.25051e-11	-0.000220099
1.26242e-11	-0.000228821
1.27433e-11	-0.000237545
1.28624e-11	-0.000246264
1.29814e-11	-0.000254974
1.31005e-11	-0.000263665
1.32196e-11	-0.000272333
1.33387e-11	-0.000280971
1.34578e-11	-0.000289571
1.35769e-11	-0.000298126
1.3696e-11	-0.00030663
1.38151e-11	-0.000315075
1.39342e-11	-0.000323454
1.40533e-11	-0.00033176
1.41724e-11	-0.000339984
1.42915e-11	-0.000348121
1.44106e-11	-0.000356161
1.45297e-11	-0.000364098
1.46488e-11	-0.000371924
1.47679e-11	-0.00037963
1.4887e-11	-0.000387209
1.50061e-11	-0.000394654
1.51252e-11	-0.000401955
1.52443e-11	-0.000409106
1.53634e-11	-0.000416098
1.54825e-11	-0.000422922
1.56016e-11	-0.000429572
1.57207e-11	-0.000436038
1.58397e-11	-0.000442313
1.59588e-11	-0.000448389
1.60779e-11	-0.000454257
1.6197e-11	-0.000459909
1.63161e-11	-0.000465337
1.64352e-11	-0.000470533
1.65543e-11	-0.000475489
1.66734e-11	-0.000480196
1.67925e-11	-0.000484648
1.69116e-11	-0.000488835
1.70307e-11	-0.000492749
1.71498e-11	-0.000496384
1.72689e-11	-0.00049973
1.7388e-11	-0.000502781
1.75071e-11	-0.000505528
1.76262e-11	-0.000507964
1.77453e-11	-0.000510081
1.78644e-11	-0.000511872
1.79835e-11	-0.000513329
1.81026e-11	-0.000514446
1.82217e-11	-0.000515215
1.83408e-11	-0.000515629
1.84599e-11	-0.000515681
1.8579e-11	-0.000515365
1.8698e-11	-0.000514673
1.88171e-11	-0.000513601
1.89362e-11	-0.00051214
1.90553e-11	-0.000510286
1.91744e-11	-0.000508033
1.92935e-11	-0.000505374
1.94126e-11	-0.000502303
1.95317e-11	-0.000498817
1.96508e-11	-0.000494909
1.97699e-11	-0.000490575
1.9889e-11	-0.00048581
2.00081e-11	-0.00048061
2.01272e-11	-0.00047497
2.02463e-11	-0.000468886
2.03654e-11	-0.000462355
2.04845e-11	-0.000455374
2.06036e-11	-0.000447938
2.07227e-11	-0.000440045
2.08418e-11	-0.000431693
2.09609e-11	-0.000422879
2.108e-11	-0.000413601
2.11991e-11	-0.000403858
2.13182e-11	-0.000393647
2.14373e-11	-0.000382968
2.15563e-11	-0.00037182
2.16754e-11	-0.000360202
2.17945e-11	-0.000348115
2.19136e-11	-0.000335559
2.20327e-11	-0.000322533
2.21518e-11	-0.00030904
2.22709e-11	-0.00029508
2.239e-11	-0.000280654
2.25091e-11	-0.000265766
2.26282e-11	-0.000250417
2.27473e-11	-0.00023461
2.28664e-11	-0.000218348
2.29855e-11	-0.000201634
2.31046e-11	-0.000184474
2.32237e-11	-0.00016687
2.33428e-11	-0.000148827
2.34619e-11	-0.000130352
2.3581e-11	-0.000111448
2.37001e-11	-9.2123e-05
2.38192e-11	-7.23822e-05
2.39383e-11	-5.22325e-05
2.40574e-11	-3.16813e-05
2.41765e-11	-1.07361e-05
2.42956e-11	1.05951e-05
2.44146e-11	3.23039e-05
2.45337e-11	5.43813e-05
2.46528e-11	7.68181e-05
2.47719e-11	9.96045e-05
2.4891e-11	0.00012273
2.50101e-11	0.000146185
2.51292e-11	0.000169958
2.52483e-11	0.000194037
2.53674e-11	0.000218411
2.54865e-11	0.000243068
2.56056e-11	0.000267994
2.57247e-11	0.000293176
2.58438e-11	0.000318602
2.59629e-11	0.000344256
2.6082e-11	0.000370126
2.62011e-11	0.000396195
2.63202e-11	0.000422449
2.64393e-11	0.000448872
2.65584e-11	0.000475448
2.66775e-11	0.000502162
2.67966e-11	0.000528995
2.69157e-11	0.000555931
2.70348e-11	0.000582952
2.71539e-11	0.000610041
2.7273e-11	0.00063718
2.7392e-11	0.000664349
2.75111e-11	0.000691529
2.76302e-11	0.000718703
2.77493e-11	0.000745849
2.78684e-11	0.000772948
2.79875e-11	0.000799979
2.81066e-11	0.000826923
2.82257e-11	0.000853757
2.83448e-11	0.000880462
2.84639e-11	0.000907016
2.8583e-11	0.000933397
2.87021e-11	0.000959583
2.88212e-11	0.000985551
2.89403e-11	0.00101128
2.90594e-11	0.00103675
2.91785e-11	0.00106193
2.92976e-11	0.0010868
2.94167e-11	0.00111135
2.95358e-11	0.00113554
2.96549e-11	0.00115935
2.9774e-11	0.00118276
2.98931e-11	0.00120574
3.00122e-11	0.00122828
3.01313e-11	0.00125034
3.02503e-11	0.00127191
3.03694e-11	0.00129295
3.04885e-11	0.00131345
3.06076e-11	0.00133339
3.07267e-11	0.00135272
3.08458e-11	0.00137144
3.09649e-11	0.00138952
3.1084e-11	0.00140694
3.12031e-11	0.00142366
3.13222e-11	0.00143968
3.14413e-11	0.00145495
3.15604e-11	0.00146947
3.16795e-11	0.0014832
3.17986e-11	0.00149613
3.19177e-11	0.00150822
3.20368e-11	0.00151946
3.21559e-11	0.00152983
3.2275e-11	0.0015393
3.23941e-11	0.00154784
3.25132e-11	0.00155545
3.26323e-11	0.00156209
3.27514e-11	0.00156775
3.28705e-11	0.0015724
3.29896e-11	0.00157603
3.31086e-11	0.00157861
3.32277e-11	0.00158012
3.33468e-11	0.00158055
3.34659e-11	0.00157987
3.3585e-11	0.00157808
3.37041e-11	0.00157514
3.38232e-11	0.00157104
3.39423e-11	0.00156577
3.40614e-11	0.00155931
3.41805e-11	0.00155165
3.42996e-11	0.00154276
3.44187e-11	0.00153264
3.45378e-11	0.00152126
3.46569e-11	0.00150863
3.4776e-11	0.00149472
3.48951e-11	0.00147953
3.50142e-11	0.00146303
3.51333e-11	0.00144524
3.52524e-11	0.00142612
3.53715e-11	0.00140568
3.54906e-11	0.00138391
3.56097e-11	0.00136079
3.57288e-11	0.00133633
3.58479e-11	0.00131052
3.59669e-11	0.00128335
3.6086e-11	0.00125482
3.62051e-11	0.00122494
3.63242e-11	0.00119368
3.64433e-11	0.00116107
3.65624e-11	0.00112709
3.66815e-11	0.00109175
3.68006e-11	0.00105504
3.69197e-11	0.00101698
3.70388e-11	0.000977571
3.71579e-11	0.000936812
3.7277e-11	0.000894712
3.73961e-11	0.000851279
3.75152e-11	0.000806521
3.76343e-11	0.000760448
3.77534e-11	0.000713072
3.78725e-11	0.000664402
3.79916e-11	0.000614454
3.81107e-11	0.000563241
3.82298e-11	0.000510778
3.83489e-11	0.000457081
3.8468e-11	0.000402169
3.85871e-11	0.00034606
3.87062e-11	0.000288774
3.88252e-11	0.000230332
3.89443e-11	0.000170756
3.90634e-11	0.00011007
3.91825e-11	4.82985e-05
3.93016e-11	-1.45328e-05
3.94207e-11	-7.83968e-05
3.95398e-11	-0.000143265
3.96589e-11	-0.000209109
3.9778e-11	-0.000275898
3.98971e-11	-0.000343599
4.00162e-11	-0.000412181
4.01353e-11	-0.000481608
4.02544e-11	-0.000551847
4.03735e-11	-0.00062286
4.04926e-11	-0.00069461
4.06117e-11	-0.000767059
4.07308e-11	-0.000840166
4.08499e-11	-0.000913891
4.0969e-11	-0.000988191
4.10881e-11	-0.00106302
4.12072e-11	-0.00113835
4.13263e-11	-0.00121411
4.14454e-11	-0.00129027
4.15645e-11	-0.00136679
4.16835e-11	-0.0014436
4.18026e-11	-0.00152067
4.19217e-11	-0.00159793
4.20408e-11	-0.00167535
4.21599e-11	-0.00175287
4.2279e-11	-0.00183043
4.23981e-11	-0.00190799
4.25172e-11	-0.00198548
4.26363e-11	-0.00206285
4.27554e-11	-0.00214005
4.28745e-11	-0.00221701
4.29936e-11	-0.00229368
4.31127e-11	-0.00237001
4.32318e-11	-0.00244592
4.33509e-11	-0.00252137
4.347e-11	-0.00259629
4.35891e-11	-0.00267062
4.37082e-11	-0.00274429
4.38273e-11	-0.00281725
4.39464e-11	-0.00288943
4.40655e-11	-0.00296078
4.41846e-11	-0.00303121
4.43037e-11	-0.00310068
4.44228e-11	-0.00316912
4.45418e-11	-0.00323646
4.46609e-11	-0.00330264
4.478e-11	-0.00336758
4.48991e-11	-0.00343124
4.50182e-11	-0.00349354
4.51373e-11	-0.00355442
4.52564e-11	-0.0036138
4.53755e-11	-0.00367164
4.54946e-11	-0.00372785
4.56137e-11	-0.00378238
4.57328e-11	-0.00383516
4.58519e-11	-0.00388612
4.5971e-11	-0.00393521
4.60901e-11	-0.00398235
4.62092e-11	-0.00402748
4.63283e-11	-0.00407055
4.64474e-11	-0.00411148
4.65665e-11	-0.00415022
4.66856e-11	-0.00418669
4.68047e-11	-0.00422085
4.69238e-11	-0.00425263
4.70429e-11	-0.00428198
4.7162e-11	-0.00430882
4.72811e-11	-0.00433311
4.74001e-11	-0.00435478
4.75192e-11	-0.00437379
4.76383e-11	-0.00439007
4.77574e-11	-0.00440357
4.78765e-11	-0.00441424
4.79956e-11	-0.00442203
4.81147e-11	-0.00442688
4.82338e-11	-0.00442875
4.83529e-11	-0.00442759
4.8472e-11	-0.00442336
4.85911e-11	-0.004416
4.87102e-11	-0.00440547
4.88293e-11	-0.00439174
4.89484e-11	-0.00437476
4.90675e-11	-0.00435449
4.91866e-11	-0.0043309
4.93057e-11	-0.00430395
4.94248e-11	-0.00427361
4.95439e-11	-0.00423985
4.9663e-11	-0.00420263
4.97821e-11	-0.00416193
4.99012e-11	-0.00411773
5.00203e-11	-0.00407
5.01394e-11	-0.00401872
5.02584e-11	-0.00396388
5.03775e-11	-0.00390544
5.04966e-11	-0.00384341
5.06157e-11	-0.00377777
5.07348e-11	-0.0037085
5.08539e-11	-0.00363561
5.0973e-11	-0.00355908
5.10921e-11	-0.00347892
5.12112e-11	-0.00339512
5.13303e-11	-0.00330769
5.14494e-11	-0.00321663
5.15685e-11	-0.00312196
5.16876e-11	-0.00302367
5.18067e-11	-0.00292179
5.19258e-11	-0.00281633
5.20449e-11	-0.00270731
5.2164e-11	-0.00259476
5.22831e-11	-0.00247869
5.24022e-11	-0.00235913
5.25213e-11	-0.00223612
5.26404e-11	-0.00210969
5.27595e-11	-0.00197987
5.28786e-11	-0.0018467
5.29977e-11	-0.00171023
5.31168e-11	-0.0015705
5.32358e-11	-0.00142756
5.33549e-11	-0.00128145
5.3474e-11	-0.00113224
5.35931e-11	-0.00097998
5.37122e-11	-0.000824729
5.38313e-11	-0.000666551
5.39504e-11	-0.000505513
5.40695e-11	-0.000341682
5.41886e-11	-0.000175131
5.43077e-11	-5.9353e-06
5.44268e-11	0.000165827
5.45459e-11	0.000340076
5.4665e-11	0.000516726
5.47841e-11	0.000695692
5.49032e-11	0.000876883
5.50223e-11	0.00106021
5.51414e-11	0.00124557
5.52605e-11	0.00143287
5.53796e-11	0.001622
5.54987e-11	0.00181287
5.56178e-11	0.00200537
5.57369e-11	0.00219938
5.5856e-11	0.0023948
5.59751e-11	0.00259151
5.60941e-11	0.00278939
5.62132e-11	0.00298832
5.63323e-11	0.00318819
5.64514e-11	0.00338885
5.65705e-11	0.0035902
5.66896e-11	0.00379209
5.68087e-11	0.0039944
5.69278e-11	0.00419699
5.70469e-11	0.00439973
5.7166e-11	0.00460247
5.72851e-11	0.00480507
5.74042e-11	0.0050074
5.75233e-11	0.00520931
5.76424e-11	0.00541066
5.77615e-11	0.00561128
5.78806e-11	0.00581105
5.79997e-11	0.00600979
5.81188e-11	0.00620737
5.82379e-11	0.00640363
5.8357e-11	0.0065984
5.84761e-11	0.00679154
5.85952e-11	0.00698289
5.87143e-11	0.00717229
5.88334e-11	0.00735958
5.89524e-11	0.00754459
5.90715e-11	0.00772718
5.91906e-11	0.00790717
5.93097e-11	0.0080844
5.94288e-11	0.00825871
5.95479e-11	0.00842994
5.9667e-11	0.00859792
5.97861e-11	0.00876249
5.99052e-11	0.00892349
6.00243e-11	0.00908076
6.01434e-11	0.00923412
6.02625e-11	0.00938343
6.03816e-11	0.00952851
6.05007e-11	0.0096692
6.06198e-11	0.00980536
6.07389e-11	0.0099368
6.0858e-11	0.0100634
6.09771e-11	0.0101849
6.10962e-11	0.0103013
6.12153e-11	0.0104124
6.13344e-11	0.0105179
6.14535e-11	0.0106179
6.15726e-11	0.010712
6.16917e-11	0.0108002
6.18107e-11	0.0108824
6.19298e-11	0.0109583
6.20489e-11	0.0110278
6.2168e-11	0.0110908
6.22871e-11	0.0111472
6.24062e-11	0.0111968
6.25253e-11	0.0112395
6.26444e-11	0.0112752
6.27635e-11	0.0113037
6.28826e-11	0.011325
6.30017e-11	0.0113388
6.31208e-11	0.0113452
6.32399e-11	0.0113439
6.3359e-11	0.0113348
6.34781e-11	0.011318
6.35972e-11	0.0112932
6.37163e-11	0.0112604
6.38354e-11	0.0112195
6.39545e-11	0.0111703
6.40736e-11	0.0111129
6.41927e-11	0.0110471
6.43118e-11	0.0109729
6.44309e-11	0.0108902
6.455e-11	0.0107989
6.4669e-11	0.010699
6.47881e-11	0.0105904
6.49072e-11	0.010473
6.50263e-11	0.010347
6.51454e-11	0.0102121
6.52645e-11	0.0100684
6.53836e-11	0.00991582
6.55027e-11	0.00975438
6.56218e-11	0.00958406
6.57409e-11	0.00940484
6.586e-11	0.00921673
6.59791e-11	0.00901974
6.60982e-11	0.00881386
6.62173e-11	0.00859913
6.63364e-11	0.00837557
6.64555e-11	0.00814321
6.65746e-11	0.00790208
6.66937e-11	0.00765223
6.68128e-11	0.00739371
6.69319e-11	0.00712658
6.7051e-11	0.0068509
6.71701e-11	0.00656675
6.72892e-11	0.0062742
6.74083e-11	0.00597334
6.75273e-11	0.00566426
6.76464e-11	0.00534706
6.77655e-11	0.00502185
6.78846e-11	0.00468873
6.80037e-11	0.00434784
6.81228e-11	0.00399929
6.82419e-11	0.00364322
6.8361e-11	0.00327977
6.84801e-11	0.00290909
6.85992e-11	0.00253134
6.87183e-11	0.00214668
6.88374e-11	0.00175527
6.89565e-11	0.0013573
6.90756e-11	0.000952948
6.91947e-11	0.000542403
6.93138e-11	0.000125863
6.94329e-11	-0.000296468
6.9552e-11	-0.000724379
6.96711e-11	-0.00115765
6.97902e-11	-0.00159606
6.99093e-11	-0.00203938
7.00284e-11	-0.00248737
7.01475e-11	-0.00293979
7.02666e-11	-0.00339638
7.03856e-11	-0.00385689
7.05047e-11	-0.00432106
7.06238e-11	-0.00478862
7.07429e-11	-0.00525929
7.0862e-11	-0.0057328
7.09811e-11	-0.00620885
7.11002e-11	-0.00668716
7.12193e-11	-0.00716744
7.13384e-11	-0.00764937
7.14575e-11	-0.00813265
7.15766e-11	-0.00861697
7.16957e-11	-0.009102
7.18148e-11	-0.00958744
7.19339e-11	-0.0100729
7.2053e-11	-0.0105582
7.21721e-11	-0.0110429
7.22912e-11	-0.0115266
7.24103e-11	-0.012009
7.25294e-11	-0.0124898
7.26485e-11	-0.0129687
7.27676e-11	-0.0134452
7.28867e-11	-0.013919
7.30058e-11	-0.0143898
7.31249e-11	-0.0148572
7.32439e-11	-0.0153209
7.3363e-11	-0.0157803
7.34821e-11	-0.0162353
7.36012e-11	-0.0166854
7.37203e-11	-0.0171303
7.38394e-11	-0.0175696
7.39585e-11	-0.0180028
7.40776e-11	-0.0184297
7.41967e-11	-0.0188499
7.43158e-11	-0.0192629
7.44349e-11	-0.0196685
7.4554e-11	-0.0200662
7.46731e-11	-0.0204556
7.47922e-11	-0.0208364
7.49113e-11	-0.0212083
7.50304e-11	-0.0215708
7.51495e-11	-0.0219236
7.52686e-11	-0.0222662
7.53877e-11	-0.0225985
7.55068e-11	-0.0229199
7.56259e-11	-0.0232301
7.5745e-11	-0.0235288
7.58641e-11	-0.0238156
7.59832e-11	-0.0240902
7.61023e-11	-0.0243522
7.62213e-11	-0.0246012
7.63404e-11	-0.024837
7.64595e-11	-0.0250592
7.65786e-11	-0.0252675
7.66977e-11	-0.0254616
7.68168e-11	-0.0256411
7.69359e-11	-0.0258057
7.7055e-11	-0.0259552
7.71741e-11	-0.0260892
7.72932e-11	-0.0262074
7.74123e-11	-0.0263096
7.75314e-11	-0.0263955
7.76505e-11	-0.0264648
7.77696e-11	-0.0265173
7.78887e-11	-0.0265527
7.80078e-11	-0.0265708
7.81269e-11	-0.0265713
7.8246e-11	-0.026554
7.83651e-11	-0.0265187
7.84842e-11	-0.0264652
7.86033e-11	-0.0263933
7.87224e-11	-0.0263028
7.88415e-11	-0.0261935
7.89606e-11	-0.0260653
7.90796e-11	-0.0259181
7.91987e-11	-0.0257516
7.93178e-11	-0.0255658
7.94369e-11	-0.0253605
7.9556e-11	-0.0251356
7.96751e-11	-0.024891
7.97942e-11	-0.0246268
7.99133e-11	-0.0243426
8.00324e-11	-0.0240387
8.01515e-11	-0.0237147
8.02706e-11	-0.0233709
8.03897e-11	-0.0230071
8.05088e-11	-0.0226233
8.06279e-11	-0.0222195
8.0747e-11	-0.0217958
8.08661e-11	-0.0213523
8.09852e-11	-0.0208888
8.11043e-11	-0.0204056
8.12234e-11	-0.0199027
8.13425e-11	-0.0193802
8.14616e-11	-0.0188382
8.15807e-11	-0.0182769
8.16998e-11	-0.0176963
8.18189e-11	-0.0170966
8.19379e-11	-0.0164781
8.2057e-11	-0.0158408
8.21761e-11	-0.015185
8.22952e-11	-0.014511
8.24143e-11	-0.0138188
8.25334e-11	-0.0131088
8.26525e-11	-0.0123813
8.27716e-11	-0.0116365
8.28907e-11	-0.0108747
8.30098e-11	-0.0100962
8.31289e-11	-0.00930129
8.3248e-11	-0.0084904
8.33671e-11	-0.00766382
8.34862e-11	-0.00682194
8.36053e-11	-0.00596513
8.37244e-11	-0.00509379
8.38435e-11	-0.00420833
8.39626e-11	-0.00330918
8.40817e-11	-0.00239679
8.42008e-11	-0.00147159
8.43199e-11	-0.000534077
8.4439e-11	0.000415281
8.45581e-11	0.00137598
8.46772e-11	0.00234751
8.47962e-11	0.00332935
8.49153e-11	0.00432096
8.50344e-11	0.00532178
8.51535e-11	0.00633125
8.52726e-11	0.00734879
8.53917e-11	0.00837382
8.55108e-11	0.00940573
8.56299e-11	0.0104439
8.5749e-11	0.0114877
8.58681e-11	0.0125365
8.59872e-11	0.0135897
8.61063e-11	0.0146466
8.62254e-11	0.0157065
8.63445e-11	0.0167688
8.64636e-11	0.0178327
8.65827e-11	0.0188976
8.67018e-11	0.0199627
8.68209e-11	0.0210274
8.694e-11	0.0220909
8.70591e-11	0.0231525
8.71782e-11	0.0242114
8.72973e-11	0.025267
8.74164e-11	0.0263184
8.75355e-11	0.0273648
8.76545e-11	0.0284057
8.77736e-11	0.02944
8.78927e-11	0.0304672
8.80118e-11	0.0314864
8.81309e-11	0.0324968
8.825e-11	0.0334976
8.83691e-11	0.0344881
8.84882e-11	0.0354675
8.86073e-11	0.0364349
8.87264e-11	0.0373897
8.88455e-11	0.0383309
8.89646e-11	0.0392579
8.90837e-11	0.0401697
8.92028e-11	0.0410657
8.93219e-11	0.041945
8.9441e-11	0.0428069
8.95601e-11	0.0436505
8.96792e-11	0.0444751
8.97983e-11	0.0452799
8.99174e-11	0.0460642
9.00365e-11	0.0468271
9.01556e-11	0.0475679
9.02747e-11	0.0482859
9.03938e-11	0.0489803
9.05128e-11	0.0496504
9.06319e-11	0.0502953
9.0751e-11	0.0509146
9.08701e-11	0.0515073
9.09892e-11	0.0520728
9.11083e-11	0.0526104
9.12274e-11	0.0531194
9.13465e-11	0.0535992
9.14656e-11	0.054049
9.15847e-11	0.0544684
9.17038e-11	0.0548565
9.18229e-11	0.0552128
9.1942e-11	0.0555367
9.20611e-11	0.0558277
9.21802e-11	0.056085
9.22993e-11	0.0563083
9.24184e-11	0.0564968
9.25375e-11	0.0566502
9.26566e-11	0.056768
9.27757e-11	0.0568495
9.28948e-11	0.0568944
9.30139e-11	0.0569023
9.3133e-11	0.0568726
9.32521e-11	0.056805
9.33711e-11	0.0566992
9.34902e-11	0.0565547
9.36093e-11	0.0563712
9.37284e-11	0.0561484
9.38475e-11	0.055886
9.39666e-11	0.0555837
9.40857e-11	0.0552413
9.42048e-11	0.0548586
9.43239e-11	0.0544354
9.4443e-11	0.0539714
9.45621e-11	0.0534667
9.46812e-11	0.0529209
9.48003e-11	0.0523341
9.49194e-11	0.0517062
9.50385e-11	0.0510372
9.51576e-11	0.0503269
9.52767e-11	0.0495756
9.53958e-11	0.0487831
9.55149e-11	0.0479496
9.5634e-11	0.0470752
9.57531e-11	0.04616
9.58722e-11	0.0452041
9.59913e-11	0.0442079
9.61104e-11	0.0431714
9.62294e-11	0.0420949
9.63485e-11	0.0409788
9.64676e-11	0.0398233
9.65867e-11	0.0386288
9.67058e-11	0.0373956
9.68249e-11	0.0361241
9.6944e-11	0.0348148
9.70631e-11	0.0334681
9.71822e-11	0.0320846
9.73013e-11	0.0306647
9.74204e-11	0.029209
9.75395e-11	0.027718
9.76586e-11	0.0261925
9.77777e-11	0.024633
9.78968e-11	0.0230402
9.80159e-11	0.0214148
9.8135e-11	0.0197576
9.82541e-11	0.0180693
9.83732e-11	0.0163507
9.84923e-11	0.0146026
9.86114e-11	0.0128258
9.87305e-11	0.0110213
9.88496e-11	0.00919001
9.89687e-11	0.00733277
9.90877e-11	0.00545057
9.92068e-11	0.0035444
9.93259e-11	0.00161529
9.9445e-11	-0.000335722
9.95641e-11	-0.00230758
9.96832e-11	-0.00429918
9.98023e-11	-0.0063094
9.99214e-11	-0.00833711
1.00041e-10	-0.0103811
1.0016e-10	-0.0124403
1.00279e-10	-0.0145134
1.00398e-10	-0.0165991
1.00517e-10	-0.0186963
1.00636e-10	-0.0208036
1.00755e-10	-0.0229198
1.00874e-10	-0.0250435
1.00993e-10	-0.0271734
1.01112e-10	-0.0293082
1.01231e-10	-0.0314464
1.01351e-10	-0.0335867
1.0147e-10	-0.0357277
1.01589e-10	-0.0378679
1.01708e-10	-0.0400059
1.01827e-10	-0.0421404
1.01946e-10	-0.0442697
1.02065e-10	-0.0463925
1.02184e-10	-0.0485072
1.02303e-10	-0.0506125
1.02422e-10	-0.0527067
1.02542e-10	-0.0547883
1.02661e-10	-0.0568559
1.0278e-10	-0.0589079
1.02899e-10	-0.0609428
1.03018e-10	-0.0629591
1.03137e-10	-0.0649551
1.03256e-10	-0.0669295
1.03375e-10	-0.0688806
1.03494e-10	-0.070807
1.03613e-10	-0.072707
1.03732e-10	-0.0745791
1.03852e-10	-0.0764219
1.03971e-10	-0.0782337
1.0409e-10	-0.0800131
1.04209e-10	-0.0817585
1.04328e-10	-0.0834684
1.04447e-10	-0.0851414
1.04566e-10	-0.0867759
1.04685e-10	-0.0883705
1.04804e-10	-0.0899237
1.04923e-10	-0.091434
1.05043e-10	-0.0929
1.05162e-10	-0.0943203
1.05281e-10	-0.0956934
1.054e-10	-0.097018
1.05519e-10	-0.0982927
1.05638e-10	-0.0995162
1.05757e-10	-0.100687
1.05876e-10	-0.101804
1.05995e-10	-0.102866
1.06114e-10	-0.103871
1.06234e-10	-0.104819
1.06353e-10	-0.105708
1.06472e-10	-0.106537
1.06591e-10	-0.107304
1.0671e-10	-0.108009
1.06829e-10	-0.108651
1.06948e-10	-0.109228
1.07067e-10	-0.10974
1.07186e-10	-0.110185
1.07305e-10	-0.110563
1.07424e-10	-0.110873
1.07544e-10	-0.111113
1.07663e-10	-0.111283
1.07782e-10	-0.111382
1.07901e-10	-0.111409
1.0802e-10	-0.111364
1.08139e-10	-0.111246
1.08258e-10	-0.111054
1.08377e-10	-0.110787
1.08496e-10	-0.110446
1.08615e-10	-0.110029
1.08735e-10	-0.109537
1.08854e-10	-0.108968
1.08973e-10	-0.108322
1.09092e-10	-0.1076
1.09211e-10	-0.1068
1.0933e-10	-0.105923
1.09449e-10	-0.104967
1.09568e-10	-0.103935
1.09687e-10	-0.102824
1.09806e-10	-0.101635
1.09925e-10	-0.100369
1.10045e-10	-0.0990244
1.10164e-10	-0.0976024
1.10283e-10	-0.096103
1.10402e-10	-0.0945263
1.10521e-10	-0.0928727
1.1064e-10	-0.0911425
1.10759e-10	-0.0893362
1.10878e-10	-0.0874542
1.10997e-10	-0.085497
1.11116e-10	-0.0834651
1.11236e-10	-0.0813593
1.11355e-10	-0.0791802
1.11474e-10	-0.0769285
1.11593e-10	-0.0746051
1.11712e-10	-0.0722107
1.11831e-10	-0.0697464
1.1195e-10	-0.067213
1.12069e-10	-0.0646115
1.12188e-10	-0.0619431
1.12307e-10	-0.0592089
1.12426e-10	-0.0564101
1.12546e-10	-0.0535478
1.12665e-10	-0.0506235
1.12784e-10	-0.0476384
1.12903e-10	-0.0445939
1.13022e-10	-0.0414915
1.13141e-10	-0.0383327
1.1326e-10	-0.035119
1.13379e-10	-0.0318521
1.13498e-10	-0.0285336
1.13617e-10	-0.0251653
1.13737e-10	-0.0217488
1.13856e-10	-0.018286
1.13975e-10	-0.0147788
1.14094e-10	-0.011229
1.14213e-10	-0.00763854
1.14332e-10	-0.00400951
1.14451e-10	-0.000343901
1.1457e-10	0.00335621
1.14689e-10	0.00708869
1.14808e-10	0.0108514
1.14927e-10	0.0146421
1.15047e-10	0.0184586
1.15166e-10	0.0222985
1.15285e-10	0.0261597
1.15404e-10	0.0300396
1.15523e-10	0.033936
1.15642e-10	0.0378464
1.15761e-10	0.0417684
1.1588e-10	0.0456994
1.15999e-10	0.049637
1.16118e-10	0.0535787
1.16238e-10	0.0575218
1.16357e-10	0.0614638
1.16476e-10	0.0654021
1.16595e-10	0.0693341
1.16714e-10	0.073257
1.16833e-10	0.0771683
1.16952e-10	0.0810652
1.17071e-10	0.0849451
1.1719e-10	0.0888053
1.17309e-10	0.092643
1.17429e-10	0.0964554
1.17548e-10	0.10024
1.17667e-10	0.103994
1.17786e-10	0.107714
1.17905e-10	0.111398
1.18024e-10	0.115044
1.18143e-10	0.118647
1.18262e-10	0.122207
1.18381e-10	0.125719
1.185e-10	0.129181
1.18619e-10	0.13259
1.18739e-10	0.135944
1.18858e-10	0.139241
1.18977e-10	0.142476
1.19096e-10	0.145648
1.19215e-10	0.148754
1.19334e-10	0.151792
1.19453e-10	0.154758
1.19572e-10	0.15765
1.19691e-10	0.160466
1.1981e-10	0.163203
1.1993e-10	0.165859
1.20049e-10	0.168431
1.20168e-10	0.170916
1.20287e-10	0.173313
1.20406e-10	0.175619
1.20525e-10	0.177832
1.20644e-10	0.179949
1.20763e-10	0.181968
1.20882e-10	0.183887
1.21001e-10	0.185704
1.2112e-10	0.187417
1.2124e-10	0.189024
1.21359e-10	0.190522
1.21478e-10	0.191911
1.21597e-10	0.193187
1.21716e-10	0.19435
1.21835e-10	0.195397
1.21954e-10	0.196327
1.22073e-10	0.197139
1.22192e-10	0.19783
1.22311e-10	0.198399
1.22431e-10	0.198845
1.2255e-10	0.199166
1.22669e-10	0.199361
1.22788e-10	0.19943
1.22907e-10	0.19937
1.23026e-10	0.199181
1.23145e-10	0.198862
1.23264e-10	0.198412
1.23383e-10	0.19783
1.23502e-10	0.197115
1.23621e-10	0.196268
1.23741e-10	0.195286
1.2386e-10	0.19417
1.23979e-10	0.192919
1.24098e-10	0.191534
1.24217e-10	0.190013
1.24336e-10	0.188356
1.24455e-10	0.186565
1.24574e-10	0.184638
1.24693e-10	0.182576
1.24812e-10	0.180379
1.24932e-10	0.178047
1.25051e-10	0.175581
1.2517e-10	0.172981
1.25289e-10	0.170248
1.25408e-10	0.167383
1.25527e-10	0.164386
1.25646e-10	0.161259
1.25765e-10	0.158001
1.25884e-10	0.154615
1.26003e-10	0.151101
1.26123e-10	0.147461
1.26242e-10	0.143696
1.26361e-10	0.139808
1.2648e-10	0.135797
1.26599e-10	0.131667
1.26718e-10	0.127417
1.26837e-10	0.123051
1.26956e-10	0.11857
1.27075e-10	0.113977
1.27194e-10	0.109272
1.27313e-10	0.104459
1.27433e-10	0.0995397
1.27552e-10	0.0945163
1.27671e-10	0.0893915
1.2779e-10	0.0841678
1.27909e-10	0.0788478
1.28028e-10	0.0734341
1.28147e-10	0.0679297
1.28266e-10	0.0623373
1.28385e-10	0.0566599
1.28504e-10	0.0509006
1.28624e-10	0.0450625
1.28743e-10	0.0391488
1.28862e-10	0.0331627
1.28981e-10	0.0271077
1.291e-10	0.020987
1.29219e-10	0.0148042
1.29338e-10	0.00856279
1.29457e-10	0.00226648
1.29576e-10	-0.00408109
1.29695e-10	-0.0104762
1.29814e-10	-0.016915
1.29934e-10	-0.0233936
1.30053e-10	-0.0299081
1.30172e-10	-0.0364546
1.30291e-10	-0.043029
1.3041e-10	-0.0496272
1.30529e-10	-0.0562451
1.30648e-10	-0.0628786
1.30767e-10	-0.0695234
1.30886e-10	-0.0761753
1.31005e-10	-0.0828299
1.31125e-10	-0.089483
1.31244e-10	-0.0961302
1.31363e-10	-0.102767
1.31482e-10	-0.109389
1.31601e-10	-0.115993
1.3172e-10	-0.122572
1.31839e-10	-0.129124
1.31958e-10	-0.135642
1.32077e-10	-0.142124
1.32196e-10	-0.148565
1.32315e-10	-0.154959
1.32435e-10	-0.161303
1.32554e-10	-0.167591
1.32673e-10	-0.17382
1.32792e-10	-0.179985
1.32911e-10	-0.186081
1.3303e-10	-0.192104
1.33149e-10	-0.198049
1.33268e-10	-0.203912
1.33387e-10	-0.209689
1.33506e-10	-0.215375
1.33626e-10	-0.220965
1.33745e-10	-0.226456
1.33864e-10	-0.231843
1.33983e-10	-0.237121
1.34102e-10	-0.242287
1.34221e-10	-0.247336
1.3434e-10	-0.252265
1.34459e-10	-0.257068
1.34578e-10	-0.261742
1.34697e-10	-0.266284
1.34817e-10	-0.270688
1.34936e-10	-0.274952
1.35055e-10	-0.27907
1.35174e-10	-0.283041
1.35293e-10	-0.286859
1.35412e-10	-0.290522
1.35531e-10	-0.294026
1.3565e-10	-0.297367
1.35769e-10	-0.300542
1.35888e-10	-0.303548
1.36007e-10	-0.306381
1.36127e-10	-0.309039
1.36246e-10	-0.311518
1.36365e-10	-0.313816
1.36484e-10	-0.31593
1.36603e-10	-0.317857
1.36722e-10	-0.319594
1.36841e-10	-0.321139
1.3696e-10	-0.32249
1.37079e-10	-0.323645
1.37198e-10	-0.3246
1.37318e-10	-0.325355
1.37437e-10	-0.325907
1.37556e-10	-0.326255
1.37675e-10	-0.326396
1.37794e-10	-0.32633
1.37913e-10	-0.326054
1.38032e-10	-0.325568
1.38151e-10	-0.324871
1.3827e-10	-0.323961
1.38389e-10	-0.322837
1.38508e-10	-0.321499
1.38628e-10	-0.319946
1.38747e-10	-0.318177
1.38866e-10	-0.316193
1.38985e-10	-0.313993
1.39104e-10	-0.311576
1.39223e-10	-0.308944
1.39342e-10	-0.306096
1.39461e-10	-0.303032
1.3958e-10	-0.299754
1.39699e-10	-0.296261
1.39819e-10	-0.292555
1.39938e-10	-0.288637
1.40057e-10	-0.284507
1.40176e-10	-0.280167
1.40295e-10	-0.275618
1.40414e-10	-0.270861
1.40533e-10	-0.2659
1.40652e-10	-0.260734
1.40771e-10	-0.255367
1.4089e-10	-0.2498
1.41009e-10	-0.244035
1.41129e-10	-0.238076
1.41248e-10	-0.231924
1.41367e-10	-0.225583
1.41486e-10	-0.219054
1.41605e-10	-0.212342
1.41724e-10	-0.205449
1.41843e-10	-0.198378
1.41962e-10	-0.191133
1.42081e-10	-0.183718
1.422e-10	-0.176136
1.4232e-10	-0.16839
1.42439e-10	-0.160486
1.42558e-10	-0.152427
1.42677e-10	-0.144216
1.42796e-10	-0.13586
1.42915e-10	-0.127361
1.43034e-10	-0.118725
1.43153e-10	-0.109955
1.43272e-10	-0.101058
1.43391e-10	-0.0920384
1.43511e-10	-0.0829005
1.4363e-10	-0.0736497
1.43749e-10	-0.0642913
1.43868e-10	-0.0548308
1.43987e-10	-0.0452736
1.44106e-10	-0.0356252
1.44225e-10	-0.0258914
1.44344e-10	-0.0160779
1.44463e-10	-0.00619049
1.44582e-10	0.00376481
1.44701e-10	0.013782
1.44821e-10	0.023855
1.4494e-10	0.0339777
1.45059e-10	0.0441437
1.45178e-10	0.0543469
1.45297e-10	0.0645807
1.45416e-10	0.0748388
1.45535e-10	0.0851147
1.45654e-10	0.0954019
1.45773e-10	0.105694
1.45892e-10	0.115983
1.46012e-10	0.126265
1.46131e-10	0.13653
1.4625e-10	0.146774
1.46369e-10	0.156989
1.46488e-10	0.167168
1.46607e-10	0.177304
1.46726e-10	0.187391
1.46845e-10	0.197422
1.46964e-10	0.20739
1.47083e-10	0.217288
1.47202e-10	0.22711
1.47322e-10	0.236848
1.47441e-10	0.246495
1.4756e-10	0.256046
1.47679e-10	0.265492
1.47798e-10	0.274828
1.47917e-10	0.284046
1.48036e-10	0.293141
1.48155e-10	0.302105
1.48274e-10	0.310931
1.48393e-10	0.319614
1.48513e-10	0.328146
1.48632e-10	0.336521
1.48751e-10	0.344734
1.4887e-10	0.352777
1.48989e-10	0.360644
1.49108e-10	0.36833
1.49227e-10	0.375828
1.49346e-10	0.383132
1.49465e-10	0.390236
1.49584e-10	0.397135
1.49703e-10	0.403823
1.49823e-10	0.410294
1.49942e-10	0.416543
1.50061e-10	0.422565
1.5018e-10	0.428354
1.50299e-10	0.433905
1.50418e-10	0.439213
1.50537e-10	0.444273
1.50656e-10	0.449081
1.50775e-10	0.453633
1.50894e-10	0.457922
1.51014e-10	0.461946
1.51133e-10	0.4657
1.51252e-10	0.469181
1.51371e-10	0.472383
1.5149e-10	0.475305
1.51609e-10	0.477941
1.51728e-10	0.480289
1.51847e-10	0.482347
1.51966e-10	0.484109
1.52085e-10	0.485575
1.52205e-10	0.48674
1.52324e-10	0.487604
1.52443e-10	0.488163
1.52562e-10	0.488415
1.52681e-10	0.488359
1.528e-10	0.487993
1.52919e-10	0.487315
1.53038e-10	0.486324
1.53157e-10	0.485019
1.53276e-10	0.483399
1.53395e-10	0.481463
1.53515e-10	0.47921
1.53634e-10	0.476642
1.53753e-10	0.473756
1.53872e-10	0.470554
1.53991e-10	0.467036
1.5411e-10	0.463202
1.54229e-10	0.459053
1.54348e-10	0.45459
1.54467e-10	0.449814
1.54586e-10	0.444727
1.54706e-10	0.439329
1.54825e-10	0.433624
1.54944e-10	0.427612
1.55063e-10	0.421297
1.55182e-10	0.41468
1.55301e-10	0.407764
1.5542e-10	0.400552
1.55539e-10	0.393048
1.55658e-10	0.385253
1.55777e-10	0.377173
1.55896e-10	0.368809
1.56016e-10	0.360168
1.56135e-10	0.351251
1.56254e-10	0.342065
1.56373e-10	0.332613
1.56492e-10	0.322899
1.56611e-10	0.31293
1.5673e-10	0.302709
1.56849e-10	0.292242
1.56968e-10	0.281536
1.57087e-10	0.270594
1.57207e-10	0.259423
1.57326e-10	0.24803
1.57445e-10	0.23642
1.57564e-10	0.224599
1.57683e-10	0.212574
1.57802e-10	0.200353
1.57921e-10	0.187941
1.5804e-10	0.175346
1.58159e-10	0.162574
1.58278e-10	0.149634
1.58397e-10	0.136533
1.58517e-10	0.123278
1.58636e-10	0.109877
1.58755e-10	0.0963374
1.58874e-10	0.0826682
1.58993e-10	0.0688771
1.59112e-10	0.0549724
1.59231e-10	0.0409624
1.5935e-10	0.0268557
1.59469e-10	0.0126608
1.59588e-10	-0.00161351
1.59708e-10	-0.0159585
1.59827e-10	-0.0303653
1.59946e-10	-0.0448249
1.60065e-10	-0.0593283
1.60184e-10	-0.0738664
1.60303e-10	-0.0884299
1.60422e-10	-0.10301
1.60541e-10	-0.117596
1.6066e-10	-0.132181
1.60779e-10	-0.146753
1.60898e-10	-0.161304
1.61018e-10	-0.175825
1.61137e-10	-0.190305
1.61256e-10	-0.204735
1.61375e-10	-0.219107
1.61494e-10	-0.233409
1.61613e-10	-0.247633
1.61732e-10	-0.26177
1.61851e-10	-0.275809
1.6197e-10	-0.289741
1.62089e-10	-0.303557
1.62209e-10	-0.317247
1.62328e-10	-0.330802
1.62447e-10	-0.344213
1.62566e-10	-0.357469
1.62685e-10	-0.370563
1.62804e-10	-0.383485
1.62923e-10	-0.396225
1.63042e-10	-0.408775
1.63161e-10	-0.421125
1.6328e-10	-0.433267
1.634e-10	-0.445193
1.63519e-10	-0.456892
1.63638e-10	-0.468358
1.63757e-10	-0.479581
1.63876e-10	-0.490553
1.63995e-10	-0.501266
1.64114e-10	-0.511711
1.64233e-10	-0.521882
1.64352e-10	-0.531769
1.64471e-10	-0.541366
1.6459e-10	-0.550665
1.6471e-10	-0.559658
1.64829e-10	-0.568339
1.64948e-10	-0.576701
1.65067e-10	-0.584736
1.65186e-10	-0.592438
1.65305e-10	-0.599801
1.65424e-10	-0.606819
1.65543e-10	-0.613485
1.65662e-10	-0.619793
1.65781e-10	-0.625738
1.65901e-10	-0.631315
1.6602e-10	-0.636518
1.66139e-10	-0.641342
1.66258e-10	-0.645783
1.66377e-10	-0.649836
1.66496e-10	-0.653497
1.66615e-10	-0.656762
1.66734e-10	-0.659626
1.66853e-10	-0.662087
1.66972e-10	-0.664141
1.67091e-10	-0.665785
1.67211e-10	-0.667016
1.6733e-10	-0.667832
1.67449e-10	-0.66823
1.67568e-10	-0.668208
1.67687e-10	-0.667765
1.67806e-10	-0.666899
1.67925e-10	-0.665609
1.68044e-10	-0.663894
1.68163e-10	-0.661753
1.68282e-10	-0.659186
1.68402e-10	-0.656192
1.68521e-10	-0.652773
1.6864e-10	-0.648928
1.68759e-10	-0.644657
1.68878e-10	-0.639963
1.68997e-10	-0.634846
1.69116e-10	-0.629308
1.69235e-10	-0.62335
1.69354e-10	-0.616975
1.69473e-10	-0.610185
1.69592e-10	-0.602983
1.69712e-10	-0.595372
1.69831e-10	-0.587355
1.6995e-10	-0.578936
1.70069e-10	-0.570117
1.70188e-10	-0.560905
1.70307e-10	-0.551301
1.70426e-10	-0.541313
1.70545e-10	-0.530943
1.70664e-10	-0.520198
1.70783e-10	-0.509082
1.70903e-10	-0.497602
1.71022e-10	-0.485764
1.71141e-10	-0.473573
1.7126e-10	-0.461036
1.71379e-10	-0.448159
1.71498e-10	-0.43495
1.71617e-10	-0.421417
1.71736e-10	-0.407565
1.71855e-10	-0.393403
1.71974e-10	-0.378939
1.72094e-10	-0.364181
1.72213e-10	-0.349137
1.72332e-10	-0.333816
1.72451e-10	-0.318227
1.7257e-10	-0.302378
1.72689e-10	-0.286279
1.72808e-10	-0.269939
1.72927e-10	-0.253368
1.73046e-10	-0.236575
1.73165e-10	-0.219571
1.73284e-10	-0.202365
1.73404e-10	-0.184968
1.73523e-10	-0.16739
1.73642e-10	-0.149642
1.73761e-10	-0.131734
1.7388e-10	-0.113678
1.73999e-10	-0.0954845
1.74118e-10	-0.0771645
1.74237e-10	-0.0587293
1.74356e-10	-0.0401905
1.74475e-10	-0.0215594
1.74595e-10	-0.00284777
1.74714e-10	0.0159328
1.74833e-10	0.0347705
1.74952e-10	0.0536535
1.75071e-10	0.0725699
1.7519e-10	0.0915076
1.75309e-10	0.110455
1.75428e-10	0.129399
1.75547e-10	0.148328
1.75666e-10	0.16723
1.75785e-10	0.186093
1.75905e-10	0.204905
1.76024e-10	0.223653
1.76143e-10	0.242324
1.76262e-10	0.260908
1.76381e-10	0.279391
1.765e-10	0.297762
1.76619e-10	0.316008
1.76738e-10	0.334118
1.76857e-10	0.352079
1.76976e-10	0.369879
1.77096e-10	0.387506
1.77215e-10	0.404949
1.77334e-10	0.422195
1.77453e-10	0.439234
1.77572e-10	0.456052
1.77691e-10	0.47264
1.7781e-10	0.488986
1.77929e-10	0.505077
1.78048e-10	0.520904
1.78167e-10	0.536456
1.78286e-10	0.55172
1.78406e-10	0.566687
1.78525e-10	0.581347
1.78644e-10	0.595688
1.78763e-10	0.609701
1.78882e-10	0.623376
1.79001e-10	0.636702
1.7912e-10	0.649671
1.79239e-10	0.662273
1.79358e-10	0.674498
1.79477e-10	0.686337
1.79597e-10	0.697783
1.79716e-10	0.708826
1.79835e-10	0.719458
1.79954e-10	0.729671
1.80073e-10	0.739457
1.80192e-10	0.748809
1.80311e-10	0.757719
1.8043e-10	0.76618
1.80549e-10	0.774186
1.80668e-10	0.78173
1.80788e-10	0.788805
1.80907e-10	0.795407
1.81026e-10	0.801529
1.81145e-10	0.807166
1.81264e-10	0.812313
1.81383e-10	0.816965
1.81502e-10	0.821118
1.81621e-10	0.824767
1.8174e-10	0.82791
1.81859e-10	0.830542
1.81978e-10	0.83266
1.82098e-10	0.834261
1.82217e-10	0.835344
1.82336e-10	0.835906
1.82455e-10	0.835944
1.82574e-10	0.835458
1.82693e-10	0.834446
1.82812e-10	0.832908
1.82931e-10	0.830842
1.8305e-10	0.82825
1.83169e-10	0.825131
1.83289e-10	0.821485
1.83408e-10	0.817314
1.83527e-10	0.812618
1.83646e-10	0.8074
1.83765e-10	0.801661
1.83884e-10	0.795404
1.84003e-10	0.78863
1.84122e-10	0.781344
1.84241e-10	0.773548
1.8436e-10	0.765246
1.84479e-10	0.756442
1.84599e-10	0.74714
1.84718e-10	0.737345
1.84837e-10	0.727062
1.84956e-10	0.716295
1.85075e-10	0.705052
1.85194e-10	0.693338
1.85313e-10	0.681158
1.85432e-10	0.66852
1.85551e-10	0.655431
1.8567e-10	0.641897
1.8579e-10	0.627927
1.85909e-10	0.613527
1.86028e-10	0.598707
1.86147e-10	0.583474
1.86266e-10	0.567838
1.86385e-10	0.551807
1.86504e-10	0.53539
1.86623e-10	0.518598
1.86742e-10	0.50144
1.86861e-10	0.483925
1.8698e-10	0.466065
1.871e-10	0.44787
1.87219e-10	0.42935
1.87338e-10	0.410517
1.87457e-10	0.391382
1.87576e-10	0.371957
1.87695e-10	0.352253
1.87814e-10	0.332282
1.87933e-10	0.312057
1.88052e-10	0.291589
1.88171e-10	0.270891
1.88291e-10	0.249976
1.8841e-10	0.228857
1.88529e-10	0.207546
1.88648e-10	0.186057
1.88767e-10	0.164403
1.88886e-10	0.142598
1.89005e-10	0.120655
1.89124e-10	0.0985882
1.89243e-10	0.0764109
1.89362e-10	0.0541371
1.89482e-10	0.0317809
1.89601e-10	0.00935631
1.8972e-10	-0.0131224
1.89839e-10	-0.0356411
1.89958e-10	-0.0581855
1.90077e-10	-0.0807412
1.90196e-10	-0.103294
1.90315e-10	-0.125829
1.90434e-10	-0.148333
1.90553e-10	-0.17079
1.90672e-10	-0.193187
1.90792e-10	-0.215508
1.90911e-10	-0.23774
1.9103e-10	-0.259869
1.91149e-10	-0.281879
1.91268e-10	-0.303757
1.91387e-10	-0.325488
1.91506e-10	-0.347059
1.91625e-10	-0.368455
1.91744e-10	-0.389662
1.91863e-10	-0.410666
1.91983e-10	-0.431454
1.92102e-10	-0.452011
1.92221e-10	-0.472325
1.9234e-10	-0.492382
1.92459e-10	-0.512169
1.92578e-10	-0.531672
1.92697e-10	-0.550879
1.92816e-10	-0.569776
1.92935e-10	-0.588352
1.93054e-10	-0.606594
1.93173e-10	-0.624488
1.93293e-10	-0.642025
1.93412e-10	-0.659191
1.93531e-10	-0.675975
1.9365e-10	-0.692366
1.93769e-10	-0.708352
1.93888e-10	-0.723923
1.94007e-10	-0.739068
1.94126e-10	-0.753776
1.94245e-10	-0.768039
1.94364e-10	-0.781844
1.94484e-10	-0.795184
1.94603e-10	-0.808049
1.94722e-10	-0.820429
1.94841e-10	-0.832316
1.9496e-10	-0.843703
1.95079e-10	-0.85458
1.95198e-10	-0.864939
1.95317e-10	-0.874774
1.95436e-10	-0.884078
1.95555e-10	-0.892843
1.95674e-10	-0.901063
1.95794e-10	-0.908733
1.95913e-10	-0.915845
1.96032e-10	-0.922396
1.96151e-10	-0.928379
1.9627e-10	-0.933791
1.96389e-10	-0.938626
1.96508e-10	-0.942882
1.96627e-10	-0.946554
1.96746e-10	-0.949639
1.96865e-10	-0.952134
1.96985e-10	-0.954037
1.97104e-10	-0.955347
1.97223e-10	-0.95606
1.97342e-10	-0.956176
1.97461e-10	-0.955694
1.9758e-10	-0.954614
1.97699e-10	-0.952934
1.97818e-10	-0.950657
1.97937e-10	-0.947781
1.98056e-10	-0.944309
1.98175e-10	-0.940241
1.98295e-10	-0.935579
1.98414e-10	-0.930327
1.98533e-10	-0.924485
1.98652e-10	-0.918057
1.98771e-10	-0.911047
1.9889e-10	-0.903458
1.99009e-10	-0.895294
1.99128e-10	-0.88656
1.99247e-10	-0.877261
1.99366e-10	-0.867401
1.99486e-10	-0.856987
1.99605e-10	-0.846024
1.99724e-10	-0.834519
1.99843e-10	-0.822478
1.99962e-10	-0.809909
2.00081e-10	-0.796818
2.002e-10	-0.783214
2.00319e-10	-0.769105
2.00438e-10	-0.754499
2.00557e-10	-0.739404
2.00677e-10	-0.723831
2.00796e-10	-0.707787
2.00915e-10	-0.691284
2.01034e-10	-0.67433
2.01153e-10	-0.656937
2.01272e-10	-0.639115
2.01391e-10	-0.620874
2.0151e-10	-0.602227
2.01629e-10	-0.583184
2.01748e-10	-0.563757
2.01867e-10	-0.543958
2.01987e-10	-0.5238
2.02106e-10	-0.503294
2.02225e-10	-0.482455
2.02344e-10	-0.461293
2.02463e-10	-0.439824
2.02582e-10	-0.418059
2.02701e-10	-0.396013
2.0282e-10	-0.3737
2.02939e-10	-0.351133
2.03058e-10	-0.328327
2.03178e-10	-0.305295
2.03297e-10	-0.282053
2.03416e-10	-0.258615
2.03535e-10	-0.234995
2.03654e-10	-0.211209
2.03773e-10	-0.187272
2.03892e-10	-0.163198
2.04011e-10	-0.139003
2.0413e-10	-0.114703
2.04249e-10	-0.0903118
2.04368e-10	-0.065846
2.04488e-10	-0.0413207
2.04607e-10	-0.0167516
2.04726e-10	0.00784579
2.04845e-10	0.0324558
2.04964e-10	0.0570628
2.05083e-10	0.0816511
2.05202e-10	0.106205
2.05321e-10	0.130709
2.0544e-10	0.155147
2.05559e-10	0.179504
2.05679e-10	0.203765
2.05798e-10	0.227913
2.05917e-10	0.251933
2.06036e-10	0.27581
2.06155e-10	0.299529
2.06274e-10	0.323075
2.06393e-10	0.346431
2.06512e-10	0.369585
2.06631e-10	0.39252
2.0675e-10	0.415221
2.06869e-10	0.437675
2.06989e-10	0.459867
2.07108e-10	0.481783
2.07227e-10	0.503408
2.07346e-10	0.524729
2.07465e-10	0.545731
2.07584e-10	0.566403
2.07703e-10	0.586729
2.07822e-10	0.606698
2.07941e-10	0.626295
2.0806e-10	0.64551
2.0818e-10	0.664328
2.08299e-10	0.682739
2.08418e-10	0.70073
2.08537e-10	0.718289
2.08656e-10	0.735406
2.08775e-10	0.752069
2.08894e-10	0.768268
2.09013e-10	0.783992
2.09132e-10	0.79923
2.09251e-10	0.813974
2.09371e-10	0.828213
2.0949e-10	0.841939
2.09609e-10	0.855142
2.09728e-10	0.867814
2.09847e-10	0.879947
2.09966e-10	0.891533
2.10085e-10	0.902565
2.10204e-10	0.913034
2.10323e-10	0.922936
2.10442e-10	0.932262
2.10561e-10	0.941008
2.10681e-10	0.949167
2.108e-10	0.956734
2.10919e-10	0.963705
2.11038e-10	0.970074
2.11157e-10	0.975838
2.11276e-10	0.980993
2.11395e-10	0.985535
2.11514e-10	0.989462
2.11633e-10	0.992772
2.11752e-10	0.995461
2.11872e-10	0.997529
2.11991e-10	0.998973
2.1211e-10	0.999793
2.12229e-10	0.999989
2.12348e-10	0.99956
2.12467e-10	0.998507
2.12586e-10	0.99683
2.12705e-10	0.99453
2.12824e-10	0.991609
2.12943e-10	0.988069
2.13062e-10	0.983912
2.13182e-10	0.979141
2.13301e-10	0.973758
2.1342e-10	0.967768
2.13539e-10	0.961174
2.13658e-10	0.95398
2.13777e-10	0.946191
2.13896e-10	0.937813
2.14015e-10	0.92885
2.14134e-10	0.919308
2.14253e-10	0.909194
2.14373e-10	0.898514
2.14492e-10	0.887275
2.14611e-10	0.875484
2.1473e-10	0.863149
2.14849e-10	0.850277
2.14968e-10	0.836878
2.15087e-10	0.82296
2.15206e-10	0.808531
2.15325e-10	0.793602
2.15444e-10	0.778181
2.15563e-10	0.762279
2.15683e-10	0.745905
2.15802e-10	0.729072
2.15921e-10	0.711788
2.1604e-10	0.694066
2.16159e-10	0.675918
2.16278e-10	0.657353
2.16397e-10	0.638386
2.16516e-10	0.619027
2.16635e-10	0.599289
2.16754e-10	0.579186
2.16874e-10	0.558729
2.16993e-10	0.537933
2.17112e-10	0.51681
2.17231e-10	0.495374
2.1735e-10	0.473639
2.17469e-10	0.451618
2.17588e-10	0.429327
2.17707e-10	0.406779
2.17826e-10	0.383988
2.17945e-10	0.36097
2.18065e-10	0.337739
2.18184e-10	0.31431
2.18303e-10	0.290698
2.18422e-10	0.266919
2.18541e-10	0.242986
2.1866e-10	0.218916
2.18779e-10	0.194725
2.18898e-10	0.170426
2.19017e-10	0.146037
2.19136e-10	0.121573
2.19255e-10	0.0970481
2.19375e-10	0.0724795
2.19494e-10	0.0478824
2.19613e-10	0.0232725
2.19732e-10	-0.00133463
2.19851e-10	-0.0259233
2.1997e-10	-0.0504779
2.20089e-10	-0.0749828
2.20208e-10	-0.0994225
2.20327e-10	-0.123781
2.20446e-10	-0.148044
2.20566e-10	-0.172196
2.20685e-10	-0.19622
2.20804e-10	-0.220103
2.20923e-10	-0.243828
2.21042e-10	-0.267382
2.21161e-10	-0.290749
2.2128e-10	-0.313914
2.21399e-10	-0.336863
2.21518e-10	-0.359582
2.21637e-10	-0.382056
2.21756e-10	-0.404271
2.21876e-10	-0.426214
2.21995e-10	-0.44787
2.22114e-10	-0.469226
2.22233e-10	-0.490269
2.22352e-10	-0.510986
2.22471e-10	-0.531363
2.2259e-10	-0.551389
2.22709e-10	-0.57105
2.22828e-10	-0.590335
2.22947e-10	-0.609232
2.23067e-10	-0.627729
2.23186e-10	-0.645814
2.23305e-10	-0.663478
2.23424e-10	-0.680708
2.23543e-10	-0.697495
2.23662e-10	-0.713828
2.23781e-10	-0.729697
2.239e-10	-0.745093
2.24019e-10	-0.760006
2.24138e-10	-0.774428
2.24257e-10	-0.78835
2.24377e-10	-0.801763
2.24496e-10	-0.81466
2.24615e-10	-0.827033
2.24734e-10	-0.838875
2.24853e-10	-0.850178
2.24972e-10	-0.860937
2.25091e-10	-0.871145
2.2521e-10	-0.880796
2.25329e-10	-0.889885
2.25448e-10	-0.898407
2.25568e-10	-0.906357
2.25687e-10	-0.913731
2.25806e-10	-0.920524
2.25925e-10	-0.926733
2.26044e-10	-0.932356
2.26163e-10	-0.937388
2.26282e-10	-0.941828
2.26401e-10	-0.945674
2.2652e-10	-0.948924
2.26639e-10	-0.951577
2.26759e-10	-0.953631
2.26878e-10	-0.955087
2.26997e-10	-0.955944
2.27116e-10	-0.956203
2.27235e-10	-0.955864
2.27354e-10	-0.954928
2.27473e-10	-0.953397
2.27592e-10	-0.951272
2.27711e-10	-0.948556
2.2783e-10	-0.945252
2.27949e-10	-0.941362
2.28069e-10	-0.93689
2.28188e-10	-0.931839
2.28307e-10	-0.926213
2.28426e-10	-0.920018
2.28545e-10	-0.913257
2.28664e-10	-0.905936
2.28783e-10	-0.89806
2.28902e-10	-0.889636
2.29021e-10	-0.880669
2.2914e-10	-0.871166
2.2926e-10	-0.861135
2.29379e-10	-0.850581
2.29498e-10	-0.839513
2.29617e-10	-0.827939
2.29736e-10	-0.815867
2.29855e-10	-0.803305
2.29974e-10	-0.790262
2.30093e-10	-0.776747
2.30212e-10	-0.76277
2.30331e-10	-0.74834
2.3045e-10	-0.733467
2.3057e-10	-0.718162
2.30689e-10	-0.702435
2.30808e-10	-0.686297
2.30927e-10	-0.669758
2.31046e-10	-0.65283
2.31165e-10	-0.635524
2.31284e-10	-0.617853
2.31403e-10	-0.599827
2.31522e-10	-0.581459
2.31641e-10	-0.562762
2.31761e-10	-0.543748
2.3188e-10	-0.524429
2.31999e-10	-0.504818
2.32118e-10	-0.484929
2.32237e-10	-0.464775
2.32356e-10	-0.444368
2.32475e-10	-0.423723
2.32594e-10	-0.402853
2.32713e-10	-0.381771
2.32832e-10	-0.360492
2.32951e-10	-0.33903
2.33071e-10	-0.317398
2.3319e-10	-0.29561
2.33309e-10	-0.273681
2.33428e-10	-0.251625
2.33547e-10	-0.229456
2.33666e-10	-0.207189
2.33785e-10	-0.184838
2.33904e-10	-0.162417
2.34023e-10	-0.139941
2.34142e-10	-0.117423
2.34262e-10	-0.09488
2.34381e-10	-0.0723245
2.345e-10	-0.0497713
2.34619e-10	-0.0272349
2.34738e-10	-0.00472942
2.34857e-10	0.0177308
2.34976e-10	0.0401315
2.35095e-10	0.0624586
2.35214e-10	0.084698
2.35333e-10	0.106836
2.35453e-10	0.128858
2.35572e-10	0.150751
2.35691e-10	0.172501
2.3581e-10	0.194095
2.35929e-10	0.215519
2.36048e-10	0.23676
2.36167e-10	0.257805
2.36286e-10	0.27864
2.36405e-10	0.299254
2.36524e-10	0.319633
2.36643e-10	0.339764
2.36763e-10	0.359637
2.36882e-10	0.379239
2.37001e-10	0.398557
2.3712e-10	0.41758
2.37239e-10	0.436298
2.37358e-10	0.454697
2.37477e-10	0.472769
2.37596e-10	0.490501
2.37715e-10	0.507884
2.37834e-10	0.524907
2.37954e-10	0.54156
2.38073e-10	0.557834
2.38192e-10	0.573719
2.38311e-10	0.589206
2.3843e-10	0.604285
2.38549e-10	0.61895
2.38668e-10	0.63319
2.38787e-10	0.646998
2.38906e-10	0.660367
2.39025e-10	0.673289
2.39144e-10	0.685757
2.39264e-10	0.697764
2.39383e-10	0.709303
2.39502e-10	0.720369
2.39621e-10	0.730955
2.3974e-10	0.741057
2.39859e-10	0.750668
2.39978e-10	0.759785
2.40097e-10	0.768402
2.40216e-10	0.776516
2.40335e-10	0.784122
2.40455e-10	0.791218
2.40574e-10	0.797799
2.40693e-10	0.803863
2.40812e-10	0.809408
2.40931e-10	0.814431
2.4105e-10	0.818932
2.41169e-10	0.822907
2.41288e-10	0.826356
2.41407e-10	0.829279
2.41526e-10	0.831675
2.41645e-10	0.833543
2.41765e-10	0.834885
2.41884e-10	0.835701
2.42003e-10	0.835991
2.42122e-10	0.835757
2.42241e-10	0.835001
2.4236e-10	0.833724
2.42479e-10	0.83193
2.42598e-10	0.829619
2.42717e-10	0.826797
2.42836e-10	0.823465
2.42956e-10	0.819627
2.43075e-10	0.815287
2.43194e-10	0.81045
2.43313e-10	0.80512
2.43432e-10	0.799301
2.43551e-10	0.793
2.4367e-10	0.78622
2.43789e-10	0.778969
2.43908e-10	0.771252
2.44027e-10	0.763076
2.44146e-10	0.754446
2.44266e-10	0.745371
2.44385e-10	0.735856
2.44504e-10	0.72591
2.44623e-10	0.715539
2.44742e-10	0.704753
2.44861e-10	0.693559
2.4498e-10	0.681965
2.45099e-10	0.669981
2.45218e-10	0.657614
2.45337e-10	0.644874
2.45457e-10	0.631771
2.45576e-10	0.618314
2.45695e-10	0.604511
2.45814e-10	0.590375
2.45933e-10	0.575914
2.46052e-10	0.561138
2.46171e-10	0.546059
2.4629e-10	0.530686
2.46409e-10	0.51503
2.46528e-10	0.499103
2.46648e-10	0.482916
2.46767e-10	0.466479
2.46886e-10	0.449803
2.47005e-10	0.432901
2.47124e-10	0.415784
2.47243e-10	0.398463
2.47362e-10	0.38095
2.47481e-10	0.363256
2.476e-10	0.345395
2.47719e-10	0.327377
2.47838e-10	0.309216
2.47958e-10	0.290921
2.48077e-10	0.272507
2.48196e-10	0.253985
2.48315e-10	0.235367
2.48434e-10	0.216665
2.48553e-10	0.197892
2.48672e-10	0.17906
2.48791e-10	0.160181
2.4891e-10	0.141268
2.49029e-10	0.122331
2.49149e-10	0.103385
2.49268e-10	0.0844396
2.49387e-10	0.0655084
2.49506e-10	0.0466031
2.49625e-10	0.0277356
2.49744e-10	0.00891783
2.49863e-10	-0.00983841
2.49982e-10	-0.0285214
2.50101e-10	-0.0471194
2.5022e-10	-0.0656208
2.50339e-10	-0.0840143
2.50459e-10	-0.102289
2.50578e-10	-0.120432
2.50697e-10	-0.138434
2.50816e-10	-0.156283
2.50935e-10	-0.173969
2.51054e-10	-0.191481
2.51173e-10	-0.208808
2.51292e-10	-0.22594
2.51411e-10	-0.242867
2.5153e-10	-0.259578
2.5165e-10	-0.276064
2.51769e-10	-0.292315
2.51888e-10	-0.308322
2.52007e-10	-0.324075
2.52126e-10	-0.339565
2.52245e-10	-0.354784
2.52364e-10	-0.369722
2.52483e-10	-0.384371
2.52602e-10	-0.398723
2.52721e-10	-0.41277
2.5284e-10	-0.426504
2.5296e-10	-0.439918
2.53079e-10	-0.453003
2.53198e-10	-0.465754
2.53317e-10	-0.478162
2.53436e-10	-0.490223
2.53555e-10	-0.501928
2.53674e-10	-0.513273
2.53793e-10	-0.524251
2.53912e-10	-0.534857
2.54031e-10	-0.545085
2.54151e-10	-0.55493
2.5427e-10	-0.564388
2.54389e-10	-0.573454
2.54508e-10	-0.582124
2.54627e-10	-0.590394
2.54746e-10	-0.59826
2.54865e-10	-0.605719
2.54984e-10	-0.612767
2.55103e-10	-0.619402
2.55222e-10	-0.625622
2.55342e-10	-0.631423
2.55461e-10	-0.636805
2.5558e-10	-0.641764
2.55699e-10	-0.6463
2.55818e-10	-0.650412
2.55937e-10	-0.654099
2.56056e-10	-0.657359
2.56175e-10	-0.660194
2.56294e-10	-0.662602
2.56413e-10	-0.664584
2.56532e-10	-0.66614
2.56652e-10	-0.667272
2.56771e-10	-0.66798
2.5689e-10	-0.668265
2.57009e-10	-0.66813
2.57128e-10	-0.667576
2.57247e-10	-0.666605
2.57366e-10	-0.66522
2.57485e-10	-0.663422
2.57604e-10	-0.661216
2.57723e-10	-0.658604
2.57843e-10	-0.65559
2.57962e-10	-0.652177
2.58081e-10	-0.64837
2.582e-10	-0.644171
2.58319e-10	-0.639587
2.58438e-10	-0.63462
2.58557e-10	-0.629277
2.58676e-10	-0.623562
2.58795e-10	-0.617481
2.58914e-10	-0.611039
2.59033e-10	-0.604241
2.59153e-10	-0.597094
2.59272e-10	-0.589604
2.59391e-10	-0.581776
2.5951e-10	-0.573619
2.59629e-10	-0.565137
2.59748e-10	-0.556339
2.59867e-10	-0.54723
2.59986e-10	-0.53782
2.60105e-10	-0.528113
2.60224e-10	-0.518119
2.60344e-10	-0.507845
2.60463e-10	-0.497299
2.60582e-10	-0.486489
2.60701e-10	-0.475422
2.6082e-10	-0.464108
2.60939e-10	-0.452554
2.61058e-10	-0.440769
2.61177e-10	-0.428762
2.61296e-10	-0.416541
2.61415e-10	-0.404115
2.61534e-10	-0.391493
2.61654e-10	-0.378684
2.61773e-10	-0.365697
2.61892e-10	-0.352541
2.62011e-10	-0.339226
2.6213e-10	-0.325761
2.62249e-10	-0.312154
2.62368e-10	-0.298416
2.62487e-10	-0.284556
2.62606e-10	-0.270582
2.62725e-10	-0.256506
2.62845e-10	-0.242336
2.62964e-10	-0.228081
2.63083e-10	-0.213752
2.63202e-10	-0.199357
2.63321e-10	-0.184907
2.6344e-10	-0.170411
2.63559e-10	-0.155878
2.63678e-10	-0.141318
2.63797e-10	-0.12674
2.63916e-10	-0.112153
2.64036e-10	-0.0975682
2.64155e-10	-0.0829934
2.64274e-10	-0.0684383
2.64393e-10	-0.0539121
2.64512e-10	-0.039424
2.64631e-10	-0.024983
2.6475e-10	-0.0105982
2.64869e-10	0.00372146
2.64988e-10	0.0179672
2.65107e-10	0.0321302
2.65226e-10	0.0462018
2.65346e-10	0.0601735
2.65465e-10	0.0740368
2.65584e-10	0.0877833
2.65703e-10	0.101405
2.65822e-10	0.114893
2.65941e-10	0.128241
2.6606e-10	0.14144
2.66179e-10	0.154482
2.66298e-10	0.16736
2.66417e-10	0.180066
2.66537e-10	0.192594
2.66656e-10	0.204936
2.66775e-10	0.217085
2.66894e-10	0.229034
2.67013e-10	0.240777
2.67132e-10	0.252307
2.67251e-10	0.263618
2.6737e-10	0.274704
2.67489e-10	0.285558
2.67608e-10	0.296176
2.67727e-10	0.306552
2.67847e-10	0.316679
2.67966e-10	0.326554
2.68085e-10	0.33617
2.68204e-10	0.345524
2.68323e-10	0.35461
2.68442e-10	0.363425
2.68561e-10	0.371963
2.6868e-10	0.380221
2.68799e-10	0.388195
2.68918e-10	0.395882
2.69038e-10	0.403278
2.69157e-10	0.410379
2.69276e-10	0.417184
2.69395e-10	0.423689
2.69514e-10	0.429891
2.69633e-10	0.435789
2.69752e-10	0.441379
2.69871e-10	0.446661
2.6999e-10	0.451633
2.70109e-10	0.456292
2.70228e-10	0.460638
2.70348e-10	0.464669
2.70467e-10	0.468386
2.70586e-10	0.471786
2.70705e-10	0.47487
2.70824e-10	0.477637
2.70943e-10	0.480088
2.71062e-10	0.482222
2.71181e-10	0.48404
2.713e-10	0.485543
2.71419e-10	0.48673
2.71539e-10	0.487605
2.71658e-10	0.488166
2.71777e-10	0.488416
2.71896e-10	0.488357
2.72015e-10	0.48799
2.72134e-10	0.487317
2.72253e-10	0.486341
2.72372e-10	0.485063
2.72491e-10	0.483486
2.7261e-10	0.481613
2.7273e-10	0.479447
2.72849e-10	0.476991
2.72968e-10	0.474248
2.73087e-10	0.471221
2.73206e-10	0.467914
2.73325e-10	0.464331
2.73444e-10	0.460476
2.73563e-10	0.456352
2.73682e-10	0.451965
2.73801e-10	0.447317
2.7392e-10	0.442414
2.7404e-10	0.437261
2.74159e-10	0.431862
2.74278e-10	0.426221
2.74397e-10	0.420345
2.74516e-10	0.414238
2.74635e-10	0.407906
2.74754e-10	0.401353
2.74873e-10	0.394586
2.74992e-10	0.387609
2.75111e-10	0.38043
2.75231e-10	0.373053
2.7535e-10	0.365484
2.75469e-10	0.35773
2.75588e-10	0.349796
2.75707e-10	0.341689
2.75826e-10	0.333415
2.75945e-10	0.32498
2.76064e-10	0.316391
2.76183e-10	0.307654
2.76302e-10	0.298776
2.76421e-10	0.289762
2.76541e-10	0.280621
2.7666e-10	0.271358
2.76779e-10	0.26198
2.76898e-10	0.252494
2.77017e-10	0.242906
2.77136e-10	0.233224
2.77255e-10	0.223454
2.77374e-10	0.213604
2.77493e-10	0.203679
2.77612e-10	0.193686
2.77732e-10	0.183634
2.77851e-10	0.173527
2.7797e-10	0.163374
2.78089e-10	0.153181
2.78208e-10	0.142955
2.78327e-10	0.132702
2.78446e-10	0.12243
2.78565e-10	0.112145
2.78684e-10	0.101853
2.78803e-10	0.0915625
2.78922e-10	0.0812788
2.79042e-10	0.0710088
2.79161e-10	0.0607589
2.7928e-10	0.0505358
2.79399e-10	0.0403458
2.79518e-10	0.0301952
2.79637e-10	0.0200903
2.79756e-10	0.0100374
2.79875e-10	4.25899e-05
2.79994e-10	-0.00988807
2.80113e-10	-0.0197486
2.80233e-10	-0.029533
2.80352e-10	-0.0392356
2.80471e-10	-0.0488506
2.8059e-10	-0.0583724
2.80709e-10	-0.0677955
2.80828e-10	-0.0771143
2.80947e-10	-0.0863236
2.81066e-10	-0.0954182
2.81185e-10	-0.104393
2.81304e-10	-0.113243
2.81424e-10	-0.121963
2.81543e-10	-0.130548
2.81662e-10	-0.138995
2.81781e-10	-0.147297
2.819e-10	-0.155452
2.82019e-10	-0.163454
2.82138e-10	-0.171299
2.82257e-10	-0.178984
2.82376e-10	-0.186505
2.82495e-10	-0.193857
2.82614e-10	-0.201037
2.82734e-10	-0.208042
2.82853e-10	-0.214868
2.82972e-10	-0.221512
2.83091e-10	-0.227971
2.8321e-10	-0.234242
2.83329e-10	-0.240322
2.83448e-10	-0.246209
2.83567e-10	-0.2519
2.83686e-10	-0.257393
2.83805e-10	-0.262685
2.83925e-10	-0.267775
2.84044e-10	-0.27266
2.84163e-10	-0.277339
2.84282e-10	-0.281811
2.84401e-10	-0.286073
2.8452e-10	-0.290124
2.84639e-10	-0.293963
2.84758e-10	-0.29759
2.84877e-10	-0.301002
2.84996e-10	-0.304201
2.85115e-10	-0.307184
2.85235e-10	-0.309951
2.85354e-10	-0.312503
2.85473e-10	-0.314839
2.85592e-10	-0.316958
2.85711e-10	-0.318862
2.8583e-10	-0.32055
2.85949e-10	-0.322023
2.86068e-10	-0.323281
2.86187e-10	-0.324325
2.86306e-10	-0.325156
2.86426e-10	-0.325774
2.86545e-10	-0.326182
2.86664e-10	-0.326379
2.86783e-10	-0.326368
2.86902e-10	-0.326149
2.87021e-10	-0.325725
2.8714e-10	-0.325097
2.87259e-10	-0.324267
2.87378e-10	-0.323237
2.87497e-10	-0.322009
2.87616e-10	-0.320585
2.87736e-10	-0.318968
2.87855e-10	-0.31716
2.87974e-10	-0.315163
2.88093e-10	-0.31298
2.88212e-10	-0.310614
2.88331e-10	-0.308068
2.8845e-10	-0.305344
2.88569e-10	-0.302446
2.88688e-10	-0.299377
2.88807e-10	-0.296139
2.88927e-10	-0.292737
2.89046e-10	-0.289174
2.89165e-10	-0.285453
2.89284e-10	-0.281577
2.89403e-10	-0.277551
2.89522e-10	-0.273377
2.89641e-10	-0.269061
2.8976e-10	-0.264605
2.89879e-10	-0.260014
2.89998e-10	-0.255291
2.90117e-10	-0.25044
2.90237e-10	-0.245466
2.90356e-10	-0.240373
2.90475e-10	-0.235164
2.90594e-10	-0.229845
2.90713e-10	-0.224419
2.90832e-10	-0.218891
2.90951e-10	-0.213264
2.9107e-10	-0.207544
2.91189e-10	-0.201734
2.91308e-10	-0.19584
2.91428e-10	-0.189865
2.91547e-10	-0.183814
2.91666e-10	-0.177692
2.91785e-10	-0.171503
2.91904e-10	-0.165251
2.92023e-10	-0.158942
2.92142e-10	-0.152579
2.92261e-10	-0.146167
2.9238e-10	-0.13971
2.92499e-10	-0.133214
2.92619e-10	-0.126683
2.92738e-10	-0.12012
2.92857e-10	-0.113531
2.92976e-10	-0.10692
2.93095e-10	-0.100292
2.93214e-10	-0.0936509
2.93333e-10	-0.087001
2.93452e-10	-0.0803468
2.93571e-10	-0.0736927
2.9369e-10	-0.0670429
2.93809e-10	-0.0604019
2.93929e-10	-0.0537737
2.94048e-10	-0.0471627
2.94167e-10	-0.0405728
2.94286e-10	-0.0340084
2.94405e-10	-0.0274734
2.94524e-10	-0.0209718
2.94643e-10	-0.0145076
2.94762e-10	-0.00808463
2.94881e-10	-0.00170684
2.95e-10	0.00462204
2.9512e-10	0.0108983
2.95239e-10	0.0171182
2.95358e-10	0.0232783
2.95477e-10	0.0293749
2.95596e-10	0.0354046
2.95715e-10	0.0413641
2.95834e-10	0.04725
2.95953e-10	0.053059
2.96072e-10	0.0587881
2.96191e-10	0.0644341
2.9631e-10	0.069994
2.9643e-10	0.0754649
2.96549e-10	0.0808439
2.96668e-10	0.0861284
2.96787e-10	0.0913155
2.96906e-10	0.0964027
2.97025e-10	0.101388
2.97144e-10	0.106268
2.97263e-10	0.11104
2.97382e-10	0.115704
2.97501e-10	0.120256
2.97621e-10	0.124694
2.9774e-10	0.129017
2.97859e-10	0.133222
2.97978e-10	0.137308
2.98097e-10	0.141273
2.98216e-10	0.145116
2.98335e-10	0.148834
2.98454e-10	0.152427
2.98573e-10	0.155893
2.98692e-10	0.159232
2.98811e-10	0.162441
2.98931e-10	0.16552
2.9905e-10	0.168468
2.99169e-10	0.171284
2.99288e-10	0.173967
2.99407e-10	0.176517
2.99526e-10	0.178933
2.99645e-10	0.181214
2.99764e-10	0.183361
2.99883e-10	0.185373
3.00002e-10	0.187249
3.00122e-10	0.18899
3.00241e-10	0.190596
3.0036e-10	0.192066
3.00479e-10	0.193402
3.00598e-10	0.194602
3.00717e-10	0.195668
3.00836e-10	0.196599
3.00955e-10	0.197398
3.01074e-10	0.198063
3.01193e-10	0.198595
3.01313e-10	0.198997
3.01432e-10	0.199267
3.01551e-10	0.199408
3.0167e-10	0.199419
3.01789e-10	0.199303
3.01908e-10	0.199061
3.02027e-10	0.198693
3.02146e-10	0.198201
3.02265e-10	0.197586
3.02384e-10	0.19685
3.02503e-10	0.195994
3.02623e-10	0.19502
3.02742e-10	0.19393
3.02861e-10	0.192724
3.0298e-10	0.191406
3.03099e-10	0.189976
3.03218e-10	0.188437
3.03337e-10	0.18679
3.03456e-10	0.185038
3.03575e-10	0.183183
3.03694e-10	0.181226
3.03814e-10	0.17917
3.03933e-10	0.177017
3.04052e-10	0.174769
3.04171e-10	0.172429
3.0429e-10	0.169999
3.04409e-10	0.167481
3.04528e-10	0.164878
3.04647e-10	0.162191
3.04766e-10	0.159424
3.04885e-10	0.15658
3.05004e-10	0.153659
3.05124e-10	0.150666
3.05243e-10	0.147603
3.05362e-10	0.144472
3.05481e-10	0.141276
3.056e-10	0.138018
3.05719e-10	0.134699
3.05838e-10	0.131324
3.05957e-10	0.127895
3.06076e-10	0.124414
3.06195e-10	0.120884
3.06315e-10	0.117308
3.06434e-10	0.113688
3.06553e-10	0.110028
3.06672e-10	0.10633
3.06791e-10	0.102597
3.0691e-10	0.0988313
3.07029e-10	0.095036
3.07148e-10	0.0912138
3.07267e-10	0.0873674
3.07386e-10	0.0834996
3.07505e-10	0.079613
3.07625e-10	0.0757104
3.07744e-10	0.0717944
3.07863e-10	0.0678678
3.07982e-10	0.0639332
3.08101e-10	0.0599932
3.0822e-10	0.0560505
3.08339e-10	0.0521076
3.08458e-10	0.0481672
3.08577e-10	0.0442317
3.08696e-10	0.0403038
3.08816e-10	0.0363858
3.08935e-10	0.0324804
3.09054e-10	0.0285898
3.09173e-10	0.0247166
3.09292e-10	0.0208631
3.09411e-10	0.0170317
3.0953e-10	0.0132245
3.09649e-10	0.00944401
3.09768e-10	0.00569233
3.09887e-10	0.00197167
3.10007e-10	-0.00171581
3.10126e-10	-0.00536801
3.10245e-10	-0.00898287
3.10364e-10	-0.0125584
3.10483e-10	-0.0160925
3.10602e-10	-0.0195834
3.10721e-10	-0.0230291
3.1084e-10	-0.0264278
3.10959e-10	-0.0297778
3.11078e-10	-0.0330772
3.11197e-10	-0.0363245
3.11317e-10	-0.0395178
3.11436e-10	-0.0426558
3.11555e-10	-0.0457367
3.11674e-10	-0.0487592
3.11793e-10	-0.0517218
3.11912e-10	-0.0546232
3.12031e-10	-0.0574619
3.1215e-10	-0.0602368
3.12269e-10	-0.0629466
3.12388e-10	-0.0655901
3.12508e-10	-0.0681663
3.12627e-10	-0.070674
3.12746e-10	-0.0731124
3.12865e-10	-0.0754804
3.12984e-10	-0.0777771
3.13103e-10	-0.0800018
3.13222e-10	-0.0821537
3.13341e-10	-0.084232
3.1346e-10	-0.086236
3.13579e-10	-0.0881652
3.13698e-10	-0.0900191
3.13818e-10	-0.091797
3.13937e-10	-0.0934987
3.14056e-10	-0.0951236
3.14175e-10	-0.0966715
3.14294e-10	-0.0981421
3.14413e-10	-0.0995351
3.14532e-10	-0.10085
3.14651e-10	-0.102088
3.1477e-10	-0.103247
3.14889e-10	-0.104329
3.15009e-10	-0.105333
3.15128e-10	-0.106259
3.15247e-10	-0.107107
3.15366e-10	-0.107878
3.15485e-10	-0.108572
3.15604e-10	-0.109189
3.15723e-10	-0.10973
3.15842e-10	-0.110194
3.15961e-10	-0.110582
3.1608e-10	-0.110895
3.16199e-10	-0.111134
3.16319e-10	-0.111298
3.16438e-10	-0.111389
3.16557e-10	-0.111407
3.16676e-10	-0.111353
3.16795e-10	-0.111227
3.16914e-10	-0.111031
3.17033e-10	-0.110765
3.17152e-10	-0.11043
3.17271e-10	-0.110027
3.1739e-10	-0.109557
3.1751e-10	-0.109021
3.17629e-10	-0.108419
3.17748e-10	-0.107754
3.17867e-10	-0.107025
3.17986e-10	-0.106234
3.18105e-10	-0.105383
3.18224e-10	-0.104472
3.18343e-10	-0.103503
3.18462e-10	-0.102476
3.18581e-10	-0.101394
3.18701e-10	-0.100256
3.1882e-10	-0.0990658
3.18939e-10	-0.097823
3.19058e-10	-0.0965295
3.19177e-10	-0.0951866
3.19296e-10	-0.0937957
3.19415e-10	-0.0923582
3.19534e-10	-0.0908755
3.19653e-10	-0.0893491
3.19772e-10	-0.0877803
3.19891e-10	-0.0861706
3.20011e-10	-0.0845216
3.2013e-10	-0.0828346
3.20249e-10	-0.0811113
3.20368e-10	-0.079353
3.20487e-10	-0.0775613
3.20606e-10	-0.0757378
3.20725e-10	-0.0738839
3.20844e-10	-0.0720012
3.20963e-10	-0.0700912
3.21082e-10	-0.0681554
3.21202e-10	-0.0661955
3.21321e-10	-0.0642128
3.2144e-10	-0.062209
3.21559e-10	-0.0601856
3.21678e-10	-0.0581441
3.21797e-10	-0.0560861
3.21916e-10	-0.0540131
3.22035e-10	-0.0519266
3.22154e-10	-0.0498281
3.22273e-10	-0.0477192
3.22392e-10	-0.0456013
3.22512e-10	-0.0434759
3.22631e-10	-0.0413445
3.2275e-10	-0.0392085
3.22869e-10	-0.0370695
3.22988e-10	-0.0349288
3.23107e-10	-0.0327879
3.23226e-10	-0.0306482
3.23345e-10	-0.0285111
3.23464e-10	-0.026378
3.23583e-10	-0.0242503
3.23703e-10	-0.0221292
3.23822e-10	-0.0200162
3.23941e-10	-0.0179125
3.2406e-10	-0.0158195
3.24179e-10	-0.0137383
3.24298e-10	-0.0116703
3.24417e-10	-0.00961662
3.24536e-10	-0.00757854
3.24655e-10	-0.00555721
3.24774e-10	-0.00355381
3.24893e-10	-0.00156944
3.25013e-10	0.000394762
3.25132e-10	0.00233773
3.25251e-10	0.0042584
3.2537e-10	0.00615573
3.25489e-10	0.00802874
3.25608e-10	0.00987643
3.25727e-10	0.0116979
3.25846e-10	0.0134921
3.25965e-10	0.0152582
3.26084e-10	0.0169954
3.26204e-10	0.0187028
3.26323e-10	0.0203797
3.26442e-10	0.0220251
3.26561e-10	0.0236384
3.2668e-10	0.0252188
3.26799e-10	0.0267657
3.26918e-10	0.0282784
3.27037e-10	0.0297563
3.27156e-10	0.0311987
3.27275e-10	0.0326051
3.27395e-10	0.0339749
3.27514e-10	0.0353077
3.27633e-10	0.036603
3.27752e-10	0.0378602
3.27871e-10	0.039079
3.2799e-10	0.040259
3.28109e-10	0.0413999
3.28228e-10	0.0425013
3.28347e-10	0.0435628
3.28466e-10	0.0445843
3.28585e-10	0.0455655
3.28705e-10	0.0465062
3.28824e-10	0.0474062
3.28943e-10	0.0482654
3.29062e-10	0.0490836
3.29181e-10	0.0498607
3.293e-10	0.0505967
3.29419e-10	0.0512916
3.29538e-10	0.0519453
3.29657e-10	0.0525579
3.29776e-10	0.0531293
3.29896e-10	0.0536598
3.30015e-10	0.0541493
3.30134e-10	0.0545981
3.30253e-10	0.0550061
3.30372e-10	0.0553738
3.30491e-10	0.0557012
3.3061e-10	0.0559885
3.30729e-10	0.0562361
3.30848e-10	0.0564442
3.30967e-10	0.0566131
3.31086e-10	0.0567432
3.31206e-10	0.0568347
3.31325e-10	0.0568881
3.31444e-10	0.0569037
3.31563e-10	0.056882
3.31682e-10	0.0568233
3.31801e-10	0.0567282
3.3192e-10	0.0565971
3.32039e-10	0.0564306
3.32158e-10	0.056229
3.32277e-10	0.0559929
3.32397e-10	0.055723
3.32516e-10	0.0554197
3.32635e-10	0.0550836
3.32754e-10	0.0547154
3.32873e-10	0.0543155
3.32992e-10	0.0538847
3.33111e-10	0.0534236
3.3323e-10	0.0529329
3.33349e-10	0.0524131
3.33468e-10	0.051865
3.33587e-10	0.0512892
3.33707e-10	0.0506866
3.33826e-10	0.0500577
3.33945e-10	0.0494032
3.34064e-10	0.048724
3.34183e-10	0.0480207
3.34302e-10	0.0472941
3.34421e-10	0.046545
3.3454e-10	0.045774
3.34659e-10	0.044982
3.34778e-10	0.0441697
3.34898e-10	0.0433379
3.35017e-10	0.0424874
3.35136e-10	0.0416189
3.35255e-10	0.0407333
3.35374e-10	0.0398313
3.35493e-10	0.0389137
3.35612e-10	0.0379813
3.35731e-10	0.037035
3.3585e-10	0.0360754
3.35969e-10	0.0351034
3.36088e-10	0.0341198
3.36208e-10	0.0331253
3.36327e-10	0.0321208
3.36446e-10	0.0311071
3.36565e-10	0.0300848
3.36684e-10	0.0290549
3.36803e-10	0.028018
3.36922e-10	0.026975
3.37041e-10	0.0259266
3.3716e-10	0.0248736
3.37279e-10	0.0238167
3.37399e-10	0.0227566
3.37518e-10	0.0216943
3.37637e-10	0.0206302
3.37756e-10	0.0195653
3.37875e-10	0.0185002
3.37994e-10	0.0174356
3.38113e-10	0.0163722
3.38232e-10	0.0153107
3.38351e-10	0.0142519
3.3847e-10	0.0131963
3.3859e-10	0.0121446
3.38709e-10	0.0110976
3.38828e-10	0.0100558
3.38947e-10	0.00901992
3.39066e-10	0.00799051
3.39185e-10	0.0069682
3.39304e-10	0.0059536
3.39423e-10	0.00494729
3.39542e-10	0.00394985
3.39661e-10	0.00296182
3.3978e-10	0.00198377
3.399e-10	0.00101622
3.40019e-10	5.96905e-05
3.40138e-10	-0.000885307
3.40257e-10	-0.00181828
3.40376e-10	-0.00273875
3.40495e-10	-0.00364626
3.40614e-10	-0.00454035
3.40733e-10	-0.00542059
3.40852e-10	-0.00628655
3.40971e-10	-0.00713784
3.41091e-10	-0.00797406
3.4121e-10	-0.00879482
3.41329e-10	-0.00959978
3.41448e-10	-0.0103886
3.41567e-10	-0.0111609
3.41686e-10	-0.0119164
3.41805e-10	-0.0126548
3.41924e-10	-0.0133758
3.42043e-10	-0.0140792
3.42162e-10	-0.0147646
3.42281e-10	-0.0154319
3.42401e-10	-0.0160808
3.4252e-10	-0.0167111
3.42639e-10	-0.0173226
3.42758e-10	-0.0179152
3.42877e-10	-0.0184886
3.42996e-10	-0.0190427
3.43115e-10	-0.0195775
3.43234e-10	-0.0200927
3.43353e-10	-0.0205882
3.43472e-10	-0.0210641
3.43592e-10	-0.0215201
3.43711e-10	-0.0219563
3.4383e-10	-0.0223725
3.43949e-10	-0.0227688
3.44068e-10	-0.0231452
3.44187e-10	-0.0235015
3.44306e-10	-0.0238379
3.44425e-10	-0.0241544
3.44544e-10	-0.024451
3.44663e-10	-0.0247277
3.44782e-10	-0.0249846
3.44902e-10	-0.0252218
3.45021e-10	-0.0254394
3.4514e-10	-0.0256374
3.45259e-10	-0.025816
3.45378e-10	-0.0259753
3.45497e-10	-0.0261154
3.45616e-10	-0.0262365
3.45735e-10	-0.0263387
3.45854e-10	-0.0264223
3.45973e-10	-0.0264873
3.46093e-10	-0.026534
3.46212e-10	-0.0265625
3.46331e-10	-0.0265732
3.4645e-10	-0.0265661
3.46569e-10	-0.0265415
3.46688e-10	-0.0264997
3.46807e-10	-0.0264409
3.46926e-10	-0.0263654
3.47045e-10	-0.0262734
3.47164e-10	-0.0261652
3.47284e-10	-0.026041
3.47403e-10	-0.0259012
3.47522e-10	-0.025746
3.47641e-10	-0.0255758
3.4776e-10	-0.0253909
3.47879e-10	-0.0251915
3.47998e-10	-0.0249779
3.48117e-10	-0.0247506
3.48236e-10	-0.0245098
3.48355e-10	-0.0242559
3.48474e-10	-0.0239892
3.48594e-10	-0.02371
3.48713e-10	-0.0234187
3.48832e-10	-0.0231157
3.48951e-10	-0.0228012
3.4907e-10	-0.0224757
3.49189e-10	-0.0221396
3.49308e-10	-0.0217931
3.49427e-10	-0.0214366
3.49546e-10	-0.0210706
3.49665e-10	-0.0206954
3.49785e-10	-0.0203113
3.49904e-10	-0.0199187
3.50023e-10	-0.019518
3.50142e-10	-0.0191097
3.50261e-10	-0.0186939
3.5038e-10	-0.0182712
3.50499e-10	-0.0178419
3.50618e-10	-0.0174063
3.50737e-10	-0.016965
3.50856e-10	-0.0165181
3.50975e-10	-0.0160661
3.51095e-10	-0.0156094
3.51214e-10	-0.0151483
3.51333e-10	-0.0146833
3.51452e-10	-0.0142146
3.51571e-10	-0.0137426
3.5169e-10	-0.0132677
3.51809e-10	-0.0127903
3.51928e-10	-0.0123106
3.52047e-10	-0.0118292
3.52166e-10	-0.0113462
3.52286e-10	-0.0108621
3.52405e-10	-0.0103772
3.52524e-10	-0.0098918
3.52643e-10	-0.00940628
3.52762e-10	-0.00892096
3.52881e-10	-0.00843615
3.53e-10	-0.00795218
3.53119e-10	-0.00746937
3.53238e-10	-0.00698802
3.53357e-10	-0.00650844
3.53476e-10	-0.00603094
3.53596e-10	-0.0055558
3.53715e-10	-0.00508332
3.53834e-10	-0.00461377
3.53953e-10	-0.00414745
3.54072e-10	-0.00368461
3.54191e-10	-0.00322553
3.5431e-10	-0.00277047
3.54429e-10	-0.00231968
3.54548e-10	-0.00187341
3.54667e-10	-0.00143189
3.54787e-10	-0.00099537
3.54906e-10	-0.000564072
3.55025e-10	-0.000138218
3.55144e-10	0.000281976
3.55263e-10	0.000696303
3.55382e-10	0.00110456
3.55501e-10	0.00150655
3.5562e-10	0.0019021
3.55739e-10	0.00229101
3.55858e-10	0.00267311
3.55978e-10	0.00304824
3.56097e-10	0.00341624
3.56216e-10	0.00377695
3.56335e-10	0.00413023
3.56454e-10	0.00447594
3.56573e-10	0.00481395
3.56692e-10	0.00514413
3.56811e-10	0.00546636
3.5693e-10	0.00578055
3.57049e-10	0.00608657
3.57168e-10	0.00638434
3.57288e-10	0.00667376
3.57407e-10	0.00695476
3.57526e-10	0.00722726
3.57645e-10	0.00749118
3.57764e-10	0.00774647
3.57883e-10	0.00799307
3.58002e-10	0.00823094
3.58121e-10	0.00846002
3.5824e-10	0.00868029
3.58359e-10	0.00889172
3.58479e-10	0.00909428
3.58598e-10	0.00928796
3.58717e-10	0.00947275
3.58836e-10	0.00964865
3.58955e-10	0.00981566
3.59074e-10	0.00997378
3.59193e-10	0.010123
3.59312e-10	0.0102634
3.59431e-10	0.010395
3.5955e-10	0.0105178
3.59669e-10	0.0106319
3.59789e-10	0.0107372
3.59908e-10	0.0108339
3.60027e-10	0.010922
3.60146e-10	0.0110016
3.60265e-10	0.0110726
3.60384e-10	0.0111353
3.60503e-10	0.0111896
3.60622e-10	0.0112357
3.60741e-10	0.0112736
3.6086e-10	0.0113034
3.6098e-10	0.0113252
3.61099e-10	0.0113391
3.61218e-10	0.0113452
3.61337e-10	0.0113437
3.61456e-10	0.0113345
3.61575e-10	0.0113179
3.61694e-10	0.0112939
3.61813e-10	0.0112627
3.61932e-10	0.0112244
3.62051e-10	0.0111791
3.6217e-10	0.011127
3.6229e-10	0.0110681
3.62409e-10	0.0110026
3.62528e-10	0.0109307
3.62647e-10	0.0108524
3.62766e-10	0.010768
3.62885e-10	0.0106776
3.63004e-10	0.0105813
3.63123e-10	0.0104792
3.63242e-10	0.0103716
3.63361e-10	0.0102585
3.63481e-10	0.0101402
3.636e-10	0.0100167
3.63719e-10	0.00988831
3.63838e-10	0.00975509
3.63957e-10	0.00961723
3.64076e-10	0.00947488
3.64195e-10	0.0093282
3.64314e-10	0.00917736
3.64433e-10	0.00902252
3.64552e-10	0.00886385
3.64672e-10	0.00870149
3.64791e-10	0.00853563
3.6491e-10	0.00836642
3.65029e-10	0.00819402
3.65148e-10	0.0080186
3.65267e-10	0.00784032
3.65386e-10	0.00765934
3.65505e-10	0.00747584
3.65624e-10	0.00728995
3.65743e-10	0.00710186
3.65862e-10	0.00691172
3.65982e-10	0.00671968
3.66101e-10	0.00652591
3.6622e-10	0.00633056
3.66339e-10	0.00613379
3.66458e-10	0.00593576
3.66577e-10	0.00573662
3.66696e-10	0.00553652
3.66815e-10	0.00533561
3.66934e-10	0.00513403
3.67053e-10	0.00493195
3.67173e-10	0.0047295
3.67292e-10	0.00452683
3.67411e-10	0.00432407
3.6753e-10	0.00412137
3.67649e-10	0.00391887
3.67768e-10	0.0037167
3.67887e-10	0.003515
3.68006e-10	0.00331389
3.68125e-10	0.00311351
3.68244e-10	0.00291398
3.68363e-10	0.00271542
3.68483e-10	0.00251797
3.68602e-10	0.00232173
3.68721e-10	0.00212682
3.6884e-10	0.00193336
3.68959e-10	0.00174146
3.69078e-10	0.00155122
3.69197e-10	0.00136276
3.69316e-10	0.00117617
3.69435e-10	0.000991559
3.69554e-10	0.00080902
3.69674e-10	0.000628649
3.69793e-10	0.000450536
3.69912e-10	0.000274772
3.70031e-10	0.000101442
3.7015e-10	-6.93723e-05
3.70269e-10	-0.00023759
3.70388e-10	-0.000403134
3.70507e-10	-0.000565932
3.70626e-10	-0.000725911
3.70745e-10	-0.000883005
3.70864e-10	-0.00103715
3.70984e-10	-0.00118828
3.71103e-10	-0.00133634
3.71222e-10	-0.00148127
3.71341e-10	-0.00162302
3.7146e-10	-0.00176154
3.71579e-10	-0.00189678
3.71698e-10	-0.0020287
3.71817e-10	-0.00215726
3.71936e-10	-0.00228242
3.72055e-10	-0.00240415
3.72175e-10	-0.00252241
3.72294e-10	-0.00263717
3.72413e-10	-0.00274841
3.72532e-10	-0.0028561
3.72651e-10	-0.00296023
3.7277e-10	-0.00306077
3.72889e-10	-0.00315771
3.73008e-10	-0.00325103
3.73127e-10	-0.00334074
3.73246e-10	-0.00342681
3.73365e-10	-0.00350926
3.73485e-10	-0.00358806
3.73604e-10	-0.00366323
3.73723e-10	-0.00373477
3.73842e-10	-0.00380268
3.73961e-10	-0.00386698
3.7408e-10	-0.00392767
3.74199e-10	-0.00398476
3.74318e-10	-0.00403827
3.74437e-10	-0.00408823
3.74556e-10	-0.00413464
3.74676e-10	-0.00417753
3.74795e-10	-0.00421692
3.74914e-10	-0.00425285
3.75033e-10	-0.00428533
3.75152e-10	-0.0043144
3.75271e-10	-0.00434009
3.7539e-10	-0.00436244
3.75509e-10	-0.00438148
3.75628e-10	-0.00439724
3.75747e-10	-0.00440977
3.75867e-10	-0.00441911
3.75986e-10	-0.0044253
3.76105e-10	-0.00442838
3.76224e-10	-0.00442841
3.76343e-10	-0.00442542
3.76462e-10	-0.00441946
3.76581e-10	-0.00441059
3.767e-10	-0.00439886
3.76819e-10	-0.00438431
3.76938e-10	-0.00436701
3.77057e-10	-0.004347
3.77177e-10	-0.00432435
3.77296e-10	-0.0042991
3.77415e-10	-0.00427132
3.77534e-10	-0.00424106
3.77653e-10	-0.00420838
3.77772e-10	-0.00417335
3.77891e-10	-0.00413602
3.7801e-10	-0.00409646
3.78129e-10	-0.00405473
3.78248e-10	-0.00401088
3.78368e-10	-0.00396499
3.78487e-10	-0.00391711
3.78606e-10	-0.00386732
3.78725e-10	-0.00381567
3.78844e-10	-0.00376223
3.78963e-10	-0.00370707
3.79082e-10	-0.00365024
3.79201e-10	-0.00359182
3.7932e-10	-0.00353187
3.79439e-10	-0.00347046
3.79558e-10	-0.00340764
3.79678e-10	-0.0033435
3.79797e-10	-0.00327808
3.79916e-10	-0.00321146
3.80035e-10	-0.00314371
3.80154e-10	-0.00307488
3.80273e-10	-0.00300504
3.80392e-10	-0.00293426
3.80511e-10	-0.0028626
3.8063e-10	-0.00279012
3.80749e-10	-0.00271688
3.80869e-10	-0.00264296
3.80988e-10	-0.0025684
3.81107e-10	-0.00249328
3.81226e-10	-0.00241765
3.81345e-10	-0.00234157
3.81464e-10	-0.00226511
3.81583e-10	-0.00218832
3.81702e-10	-0.00211127
3.81821e-10	-0.002034
3.8194e-10	-0.00195657
3.82059e-10	-0.00187905
3.82179e-10	-0.00180149
3.82298e-10	-0.00172394
3.82417e-10	-0.00164645
3.82536e-10	-0.00156908
3.82655e-10	-0.00149188
3.82774e-10	-0.00141491
3.82893e-10	-0.0013382
3.83012e-10	-0.00126181
3.83131e-10	-0.00118579
3.8325e-10	-0.00111019
3.8337e-10	-0.00103504
3.83489e-10	-0.000960403
3.83608e-10	-0.000886312
3.83727e-10	-0.000812813
3.83846e-10	-0.000739947
3.83965e-10	-0.000667754
3.84084e-10	-0.000596275
3.84203e-10	-0.000525546
3.84322e-10	-0.000455606
3.84441e-10	-0.00038649
3.84561e-10	-0.000318233
3.8468e-10	-0.000250868
3.84799e-10	-0.000184428
3.84918e-10	-0.000118945
3.85037e-10	-5.44479e-05
3.85156e-10	9.03393e-06
3.85275e-10	7.14728e-05
3.85394e-10	0.000132842
3.85513e-10	0.000193117
3.85632e-10	0.000252272
3.85751e-10	0.000310285
3.85871e-10	0.000367135
3.8599e-10	0.0004228
3.86109e-10	0.00047726
3.86228e-10	0.000530499
3.86347e-10	0.000582497
3.86466e-10	0.00063324
3.86585e-10	0.000682713
3.86704e-10	0.000730901
3.86823e-10	0.000777793
3.86942e-10	0.000823376
3.87062e-10	0.000867641
3.87181e-10	0.000910577
3.873e-10	0.000952178
3.87419e-10	0.000992435
3.87538e-10	0.00103134
3.87657e-10	0.0010689
3.87776e-10	0.00110509
3.87895e-10	0.00113993
3.88014e-10	0.0011734
3.88133e-10	0.0012055
3.88252e-10	0.00123625
3.88372e-10	0.00126563
3.88491e-10	0.00129365
3.8861e-10	0.00132031
3.88729e-10	0.00134562
3.88848e-10	0.00136957
3.88967e-10	0.00139219
3.89086e-10	0.00141346
3.89205e-10	0.00143341
3.89324e-10	0.00145203
3.89443e-10	0.00146934
3.89563e-10	0.00148535
3.89682e-10	0.00150006
3.89801e-10	0.00151349
3.8992e-10	0.00152565
3.90039e-10	0.00153656
3.90158e-10	0.00154622
3.90277e-10	0.00155465
3.90396e-10	0.00156186
3.90515e-10	0.00156788
3.90634e-10	0.00157271
3.90753e-10	0.00157637
3.90873e-10	0.00157888
3.90992e-10	0.00158026
3.91111e-10	0.00158052
3.9123e-10	0.00157968
3.91349e-10	0.00157777
3.91468e-10	0.0015748
3.91587e-10	0.00157079
3.91706e-10	0.00156576
3.91825e-10	0.00155973
3.91944e-10	0.00155272
3.92064e-10	0.00154476
3.92183e-10	0.00153587
3.92302e-10	0.00152606
3.92421e-10	0.00151537
3.9254e-10	0.00150381
3.92659e-10	0.0014914
3.92778e-10	0.00147817
3.92897e-10	0.00146414
3.93016e-10	0.00144934
3.93135e-10	0.00143379
3.93255e-10	0.00141751
3.93374e-10	0.00140052
3.93493e-10	0.00138285
3.93612e-10	0.00136453
3.93731e-10	0.00134558
3.9385e-10	0.00132602
3.93969e-10	0.00130587
3.94088e-10	0.00128516
3.94207e-10	0.00126392
3.94326e-10	0.00124217
3.94445e-10	0.00121992
3.94565e-10	0.00119722
3.94684e-10	0.00117407
3.94803e-10	0.00115051
3.94922e-10	0.00112655
3.95041e-10	0.00110223
3.9516e-10	0.00107756
3.95279e-10	0.00105257
3.95398e-10	0.00102728
3.95517e-10	0.00100171
3.95636e-10	0.000975888
3.95756e-10	0.000949836
3.95875e-10	0.000923575
3.95994e-10	0.000897127
3.96113e-10	0.000870514
3.96232e-10	0.000843759
3.96351e-10	0.000816881
3.9647e-10	0.000789902
3.96589e-10	0.000762843
3.96708e-10	0.000735724
3.96827e-10	0.000708565
3.96946e-10	0.000681387
3.97066e-10	0.000654209
3.97185e-10	0.000627049
3.97304e-10	0.000599927
3.97423e-10	0.000572861
3.97542e-10	0.000545869
3.97661e-10	0.000518969
3.9778e-10	0.000492179
3.97899e-10	0.000465515
3.98018e-10	0.000438994
3.98137e-10	0.000412632
3.98257e-10	0.000386445
3.98376e-10	0.000360449
3.98495e-10	0.000334658
3.98614e-10	0.000309087
3.98733e-10	0.000283751
3.98852e-10	0.000258662
3.98971e-10	0.000233835
3.9909e-10	0.000209283
3.99209e-10	0.000185018
3.99328e-10	0.000161051
3.99447e-10	0.000137396
3.99567e-10	0.000114062
3.99686e-10	9.10619e-05
3.99805e-10	6.84047e-05
3.99924e-10	4.61009e-05
4.00043e-10	2.416e-05
4.00162e-10	2.59113e-06
4.00281e-10	-1.8597e-05
4.004e-10	-3.93961e-05
4.00519e-10	-5.97984e-05
4.00638e-10	-7.97963e-05
4.00758e-10	-9.93829e-05
4.00877e-10	-0.000118552
4.00996e-10	-0.000137296
4.01115e-10	-0.000155611
4.01234e-10	-0.00017349
4.01353e-10	-0.000190929
4.01472e-10	-0.000207923
4.01591e-10	-0.000224469
4.0171e-10	-0.000240561
4.01829e-10	-0.000256198
4.01949e-10	-0.000271375
4.02068e-10	-0.000286091
4.02187e-10	-0.000300343
4.02306e-10	-0.000314129
4.02425e-10	-0.000327448
4.02544e-10	-0.000340299
4.02663e-10	-0.00035268
4.02782e-10	-0.000364592
4.02901e-10	-0.000376034
4.0302e-10	-0.000387007
4.03139e-10	-0.000397511
4.03259e-10	-0.000407548
4.03378e-10	-0.000417117
4.03497e-10	-0.000426222
4.03616e-10	-0.000434863
4.03735e-10	-0.000443044
4.03854e-10	-0.000450766
4.03973e-10	-0.000458032
4.04092e-10	-0.000464845
4.04211e-10	-0.000471209
4.0433e-10	-0.000477126
4.0445e-10	-0.000482602
4.04569e-10	-0.000487639
4.04688e-10	-0.000492243
4.04807e-10	-0.000496417
4.04926e-10	-0.000500167
4.05045e-10	-0.000503497
4.05164e-10	-0.000506413
4.05283e-10	-0.000508921
4.05402e-10	-0.000511025
4.05521e-10	-0.000512731
4.0564e-10	-0.000514046
4.0576e-10	-0.000514976
4.05879e-10	-0.000515526
4.05998e-10	-0.000515704
4.06117e-10	-0.000515516
4.06236e-10	-0.000514969
4.06355e-10	-0.000514069
4.06474e-10	-0.000512825
4.06593e-10	-0.000511242
4.06712e-10	-0.000509328
4.06831e-10	-0.000507092
4.06951e-10	-0.000504539
4.0707e-10	-0.000501678
4.07189e-10	-0.000498516
4.07308e-10	-0.000495061
4.07427e-10	-0.000491321
4.07546e-10	-0.000487304
4.07665e-10	-0.000483017
4.07784e-10	-0.000478469
4.07903e-10	-0.000473668
4.08022e-10	-0.000468622
4.08141e-10	-0.000463338
4.08261e-10	-0.000457826
4.0838e-10	-0.000452092
4.08499e-10	-0.000446146
4.08618e-10	-0.000439995
4.08737e-10	-0.000433647
4.08856e-10	-0.000427112
4.08975e-10	-0.000420396
4.09094e-10	-0.000413508
4.09213e-10	-0.000406456
4.09332e-10	-0.000399248
4.09452e-10	-0.000391892
4.09571e-10	-0.000384397
4.0969e-10	-0.000376769
4.09809e-10	-0.000369017
4.09928e-10	-0.000361149
4.10047e-10	-0.000353173
4.10166e-10	-0.000345096
4.10285e-10	-0.000336925
4.10404e-10	-0.00032867
4.10523e-10	-0.000320336
4.10643e-10	-0.000311931
4.10762e-10	-0.000303463
4.10881e-10	-0.000294939
4.11e-10	-0.000286367
4.11119e-10	-0.000277752
4.11238e-10	-0.000269102
4.11357e-10	-0.000260425
4.11476e-10	-0.000251726
4.11595e-10	-0.000243012
4.11714e-10	-0.00023429
4.11833e-10	-0.000225566
4.11953e-10	-0.000216847
4.12072e-10	-0.000208138
4.12191e-10	-0.000199446
4.1231e-10	-0.000190777
4.12429e-10	-0.000182136
4.12548e-10	-0.000173529
4.12667e-10	-0.000164962
4.12786e-10	-0.000156439
4.12905e-10	-0.000147967
4.13024e-10	-0.000139551
4.13144e-10	-0.000131195
4.13263e-10	-0.000122904
4.13382e-10	-0.000114683
4.13501e-10	-0.000106537
4.1362e-10	-9.84694e-05
4.13739e-10	-9.04855e-05
4.13858e-10	-8.25891e-05
4.13977e-10	-7.47842e-05
4.14096e-10	-6.70747e-05
4.14215e-10	-5.94643e-05
4.14334e-10	-5.19567e-05
4.14454e-10	-4.45553e-05
4.14573e-10	-3.72633e-05
4.14692e-10	-3.0084e-05
4.14811e-10	-2.30205e-05
4.1493e-10	-1.60755e-05
4.15049e-10	-9.25184e-06
4.15168e-10	-2.55212e-06
4.15287e-10	4.02118e-06
4.15406e-10	1.04658e-05
4.15525e-10	1.67794e-05
4.15645e-10	2.29601e-05
4.15764e-10	2.90058e-05
4.15883e-10	3.49149e-05
4.16002e-10	4.06856e-05
4.16121e-10	4.63165e-05
4.1624e-10	5.18062e-05
4.16359e-10	5.71533e-05
4.16478e-10	6.23568e-05
4.16597e-10	6.74157e-05
4.16716e-10	7.2329e-05
4.16835e-10	7.70961e-05
4.16955e-10	8.17162e-05
4.17074e-10	8.61889e-05
4.17193e-10	9.05138e-05
4.17312e-10	9.46905e-05
4.17431e-10	9.8719e-05
4.1755e-10	0.000102599
4.17669e-10	0.000106331
4.17788e-10	0.000109915
4.17907e-10	0.00011335
4.18026e-10	0.000116639
4.18146e-10	0.00011978
4.18265e-10	0.000122775
4.18384e-10	0.000125624
4.18503e-10	0.000128327
4.18622e-10	0.000130887
4.18741e-10	0.000133303
4.1886e-10	0.000135577
4.18979e-10	0.00013771
4.19098e-10	0.000139703
4.19217e-10	0.000141557
4.19336e-10	0.000143274
4.19456e-10	0.000144855
4.19575e-10	0.000146301
4.19694e-10	0.000147615
4.19813e-10	0.000148797
4.19932e-10	0.00014985
4.20051e-10	0.000150775
4.2017e-10	0.000151574
4.20289e-10	0.000152248
4.20408e-10	0.000152801
4.20527e-10	0.000153233
4.20647e-10	0.000153547
4.20766e-10	0.000153745
4.20885e-10	0.00015383
4.21004e-10	0.000153802
4.21123e-10	0.000153664
4.21242e-10	0.00015342
4.21361e-10	0.00015307
4.2148e-10	0.000152617
4.21599e-10	0.000152064
4.21718e-10	0.000151412
4.21838e-10	0.000150665
4.21957e-10	0.000149825
4.22076e-10	0.000148894
4.22195e-10	0.000147875
4.22314e-10	0.000146769
4.22433e-10	0.00014558
4.22552e-10	0.000144311
4.22671e-10	0.000142963
4.2279e-10	0.000141539
4.22909e-10	0.000140041
4.23028e-10	0.000138473
4.23148e-10	0.000136837
4.23267e-10	0.000135134
4.23386e-10	0.000133369
4.23505e-10	0.000131543
4.23624e-10	0.000129658
4.23743e-10	0.000127719
4.23862e-10	0.000125725
4.23981e-10	0.000123682
4.241e-10	0.00012159
4.24219e-10	0.000119453
4.24339e-10	0.000117272
