5.95479e-14	0.000116992
1.78644e-13	0.000119178
2.9774e-13	0.000121321
4.16835e-13	0.000123419
5.35931e-13	0.000125469
6.55027e-13	0.000127469
7.74123e-13	0.000129415
8.93219e-13	0.000131307
1.01231e-12	0.00013314
1.13141e-12	0.000134914
1.25051e-12	0.000136624
1.3696e-12	0.000138269
1.4887e-12	0.000139846
1.60779e-12	0.000141353
1.72689e-12	0.000142786
1.84599e-12	0.000144144
1.96508e-12	0.000145424
2.08418e-12	0.000146623
2.20327e-12	0.000147739
2.32237e-12	0.00014877
2.44146e-12	0.000149712
2.56056e-12	0.000150564
2.67966e-12	0.000151323
2.79875e-12	0.000151986
2.91785e-12	0.000152552
3.03694e-12	0.000153018
3.15604e-12	0.000153381
3.27514e-12	0.000153639
3.39423e-12	0.00015379
3.51333e-12	0.000153832
3.63242e-12	0.000153762
3.75152e-12	0.000153579
3.87062e-12	0.00015328
3.98971e-12	0.000152862
4.10881e-12	0.000152325
4.2279e-12	0.000151666
4.347e-12	0.000150883
4.46609e-12	0.000149974
4.58519e-12	0.000148938
4.70429e-12	0.000147772
4.82338e-12	0.000146475
4.94248e-12	0.000145046
5.06157e-12	0.000143482
5.18067e-12	0.000141783
5.29977e-12	0.000139946
5.41886e-12	0.000137971
5.53796e-12	0.000135856
5.65705e-12	0.0001336
5.77615e-12	0.000131201
5.89524e-12	0.00012866
6.01434e-12	0.000125975
6.13344e-12	0.000123144
6.25253e-12	0.000120168
6.37163e-12	0.000117045
6.49072e-12	0.000113776
6.60982e-12	0.000110359
6.72892e-12	0.000106794
6.84801e-12	0.000103081
6.96711e-12	9.92195e-05
7.0862e-12	9.52098e-05
7.2053e-12	9.10519e-05
7.32439e-12	8.67458e-05
7.44349e-12	8.22918e-05
7.56259e-12	7.76904e-05
7.68168e-12	7.29419e-05
7.80078e-12	6.80471e-05
7.91987e-12	6.30066e-05
8.03897e-12	5.78214e-05
8.15807e-12	5.24924e-05
8.27716e-12	4.70208e-05
8.39626e-12	4.14078e-05
8.51535e-12	3.56547e-05
8.63445e-12	2.97631e-05
8.75355e-12	2.37346e-05
8.87264e-12	1.75709e-05
8.99174e-12	1.1274e-05
9.11083e-12	4.84596e-06
9.22993e-12	-1.71114e-06
9.34902e-12	-8.39495e-06
9.46812e-12	-1.5203e-05
9.58722e-12	-2.21328e-05
9.70631e-12	-2.91814e-05
9.82541e-12	-3.63462e-05
9.9445e-12	-4.3624e-05
1.00636e-11	-5.10117e-05
1.01827e-11	-5.85061e-05
1.03018e-11	-6.61036e-05
1.04209e-11	-7.38008e-05
1.054e-11	-8.15938e-05
1.06591e-11	-8.94788e-05
1.07782e-11	-9.74518e-05
1.08973e-11	-0.000105509
1.10164e-11	-0.000113645
1.11355e-11	-0.000121857
1.12546e-11	-0.000130139
1.13737e-11	-0.000138487
1.14927e-11	-0.000146896
1.16118e-11	-0.000155362
1.17309e-11	-0.000163878
1.185e-11	-0.00017244
1.19691e-11	-0.000181042
1.20882e-11	-0.000189679
1.22073e-11	-0.000198345
1.23264e-11	-0.000207034
1.24455e-11	-0.000215741
1.25646e-11	-0.000224459
1.26837e-11	-0.000233183
1.28028e-11	-0.000241906
1.29219e-11	-0.000250621
1.3041e-11	-0.000259322
1.31601e-11	-0.000268003
1.32792e-11	-0.000276656
1.33983e-11	-0.000285276
1.35174e-11	-0.000293854
1.36365e-11	-0.000302385
1.37556e-11	-0.00031086
1.38747e-11	-0.000319273
1.39938e-11	-0.000327616
1.41129e-11	-0.000335883
1.4232e-11	-0.000344064
1.43511e-11	-0.000352154
1.44701e-11	-0.000360143
1.45892e-11	-0.000368025
1.47083e-11	-0.000375792
1.48274e-11	-0.000383436
1.49465e-11	-0.000390949
1.50656e-11	-0.000398323
1.51847e-11	-0.00040555
1.53038e-11	-0.000412622
1.54229e-11	-0.000419531
1.5542e-11	-0.000426269
1.56611e-11	-0.000432828
1.57802e-11	-0.0004392
1.58993e-11	-0.000445377
1.60184e-11	-0.000451349
1.61375e-11	-0.00045711
1.62566e-11	-0.000462651
1.63757e-11	-0.000467965
1.64948e-11	-0.000473041
1.66139e-11	-0.000477874
1.6733e-11	-0.000482455
1.68521e-11	-0.000486775
1.69712e-11	-0.000490827
1.70903e-11	-0.000494602
1.72094e-11	-0.000498094
1.73284e-11	-0.000501293
1.74475e-11	-0.000504193
1.75666e-11	-0.000506785
1.76857e-11	-0.000509062
1.78048e-11	-0.000511017
1.79239e-11	-0.000512642
1.8043e-11	-0.00051393
1.81621e-11	-0.000514874
1.82812e-11	-0.000515466
1.84003e-11	-0.0005157
1.85194e-11	-0.000515569
1.86385e-11	-0.000515066
1.87576e-11	-0.000514185
1.88767e-11	-0.000512919
1.89958e-11	-0.000511263
1.91149e-11	-0.00050921
1.9234e-11	-0.000506754
1.93531e-11	-0.00050389
1.94722e-11	-0.000500613
1.95913e-11	-0.000496916
1.97104e-11	-0.000492796
1.98295e-11	-0.000488247
1.99486e-11	-0.000483265
2.00677e-11	-0.000477845
2.01867e-11	-0.000471984
2.03058e-11	-0.000465677
2.04249e-11	-0.000458921
2.0544e-11	-0.000451713
2.06631e-11	-0.000444049
2.07822e-11	-0.000435927
2.09013e-11	-0.000427344
2.10204e-11	-0.000418298
2.11395e-11	-0.000408788
2.12586e-11	-0.000398811
2.13777e-11	-0.000388366
2.14968e-11	-0.000377453
2.16159e-11	-0.00036607
2.1735e-11	-0.000354218
2.18541e-11	-0.000341896
2.19732e-11	-0.000329105
2.20923e-11	-0.000315845
2.22114e-11	-0.000302118
2.23305e-11	-0.000287925
2.24496e-11	-0.000273268
2.25687e-11	-0.000258149
2.26878e-11	-0.00024257
2.28069e-11	-0.000226535
2.2926e-11	-0.000210047
2.3045e-11	-0.00019311
2.31641e-11	-0.000175727
2.32832e-11	-0.000157903
2.34023e-11	-0.000139643
2.35214e-11	-0.000120953
2.36405e-11	-0.000101838
2.37596e-11	-8.23041e-05
2.38787e-11	-6.2358e-05
2.39978e-11	-4.20066e-05
2.41169e-11	-2.12574e-05
2.4236e-11	-1.18199e-07
2.43551e-11	2.14029e-05
2.44742e-11	4.32971e-05
2.45933e-11	6.55553e-05
2.47124e-11	8.81682e-05
2.48315e-11	0.000111126
2.49506e-11	0.000134417
2.50697e-11	0.000158033
2.51888e-11	0.00018196
2.53079e-11	0.000206188
2.5427e-11	0.000230705
2.55461e-11	0.000255498
2.56652e-11	0.000280554
2.57843e-11	0.000305859
2.59033e-11	0.000331401
2.60224e-11	0.000357165
2.61415e-11	0.000383136
2.62606e-11	0.0004093
2.63797e-11	0.00043564
2.64988e-11	0.000462142
2.66179e-11	0.000488789
2.6737e-11	0.000515564
2.68561e-11	0.000542451
2.69752e-11	0.000569432
2.70943e-11	0.00059649
2.72134e-11	0.000623606
2.73325e-11	0.000650762
2.74516e-11	0.000677939
2.75707e-11	0.000705118
2.76898e-11	0.00073228
2.78089e-11	0.000759405
2.7928e-11	0.000786473
2.80471e-11	0.000813463
2.81662e-11	0.000840355
2.82853e-11	0.000867128
2.84044e-11	0.00089376
2.85235e-11	0.000920229
2.86426e-11	0.000946515
2.87616e-11	0.000972595
2.88807e-11	0.000998447
2.89998e-11	0.00102405
2.91189e-11	0.00104938
2.9238e-11	0.00107441
2.93571e-11	0.00109912
2.94762e-11	0.00112349
2.95953e-11	0.00114749
2.97144e-11	0.00117111
2.98335e-11	0.00119431
2.99526e-11	0.00121707
3.00717e-11	0.00123937
3.01908e-11	0.00126119
3.03099e-11	0.0012825
3.0429e-11	0.00130327
3.05481e-11	0.00132349
3.06672e-11	0.00134313
3.07863e-11	0.00136216
3.09054e-11	0.00138057
3.10245e-11	0.00139832
3.11436e-11	0.00141539
3.12627e-11	0.00143176
3.13818e-11	0.00144741
3.15009e-11	0.00146231
3.16199e-11	0.00147643
3.1739e-11	0.00148977
3.18581e-11	0.00150228
3.19772e-11	0.00151395
3.20963e-11	0.00152476
3.22154e-11	0.00153468
3.23345e-11	0.00154369
3.24536e-11	0.00155177
3.25727e-11	0.00155889
3.26918e-11	0.00156505
3.28109e-11	0.0015702
3.293e-11	0.00157435
3.30491e-11	0.00157745
3.31682e-11	0.0015795
3.32873e-11	0.00158047
3.34064e-11	0.00158035
3.35255e-11	0.00157912
3.36446e-11	0.00157675
3.37637e-11	0.00157324
3.38828e-11	0.00156856
3.40019e-11	0.00156269
3.4121e-11	0.00155563
3.42401e-11	0.00154736
3.43592e-11	0.00153785
3.44782e-11	0.00152711
3.45973e-11	0.00151511
3.47164e-11	0.00150184
3.48355e-11	0.00148729
3.49546e-11	0.00147144
3.50737e-11	0.0014543
3.51928e-11	0.00143584
3.53119e-11	0.00141607
3.5431e-11	0.00139496
3.55501e-11	0.00137252
3.56692e-11	0.00134873
3.57883e-11	0.00132359
3.59074e-11	0.0012971
3.60265e-11	0.00126926
3.61456e-11	0.00124005
3.62647e-11	0.00120948
3.63838e-11	0.00117755
3.65029e-11	0.00114425
3.6622e-11	0.00110959
3.67411e-11	0.00107356
3.68602e-11	0.00103618
3.69793e-11	0.000997446
3.70984e-11	0.00095736
3.72175e-11	0.000915929
3.73365e-11	0.000873162
3.74556e-11	0.000829065
3.75747e-11	0.000783649
3.76938e-11	0.000736922
3.78129e-11	0.000688898
3.7932e-11	0.000639587
3.80511e-11	0.000589005
3.81702e-11	0.000537164
3.82893e-11	0.000484082
3.84084e-11	0.000429776
3.85275e-11	0.000374263
3.86466e-11	0.000317563
3.87657e-11	0.000259696
3.88848e-11	0.000200684
3.90039e-11	0.00014055
3.9123e-11	7.93183e-05
3.92421e-11	1.70137e-05
3.93612e-11	-4.63374e-05
3.94803e-11	-0.000110707
3.95994e-11	-0.000176067
3.97185e-11	-0.000242387
3.98376e-11	-0.000309636
3.99567e-11	-0.000377782
4.00758e-11	-0.000446791
4.01949e-11	-0.000516629
4.03139e-11	-0.000587259
4.0433e-11	-0.000658645
4.05521e-11	-0.00073075
4.06712e-11	-0.000803532
4.07903e-11	-0.000876954
4.09094e-11	-0.000950972
4.10285e-11	-0.00102554
4.11476e-11	-0.00110063
4.12667e-11	-0.00117618
4.13858e-11	-0.00125215
4.15049e-11	-0.00132849
4.1624e-11	-0.00140516
4.17431e-11	-0.0014821
4.18622e-11	-0.00155928
4.19813e-11	-0.00163663
4.21004e-11	-0.0017141
4.22195e-11	-0.00179165
4.23386e-11	-0.00186921
4.24577e-11	-0.00194674
4.25768e-11	-0.00202418
4.26959e-11	-0.00210147
4.2815e-11	-0.00217856
4.29341e-11	-0.00225539
4.30532e-11	-0.00233189
4.31722e-11	-0.00240802
4.32913e-11	-0.00248371
4.34104e-11	-0.0025589
4.35295e-11	-0.00263353
4.36486e-11	-0.00270754
4.37677e-11	-0.00278086
4.38868e-11	-0.00285344
4.40059e-11	-0.00292521
4.4125e-11	-0.00299611
4.42441e-11	-0.00306607
4.43632e-11	-0.00313503
4.44823e-11	-0.00320293
4.46014e-11	-0.0032697
4.47205e-11	-0.00333527
4.48396e-11	-0.00339958
4.49587e-11	-0.00346256
4.50778e-11	-0.00352416
4.51969e-11	-0.0035843
4.5316e-11	-0.00364292
4.54351e-11	-0.00369995
4.55542e-11	-0.00375533
4.56733e-11	-0.00380899
4.57924e-11	-0.00386087
4.59115e-11	-0.0039109
4.60305e-11	-0.00395902
4.61496e-11	-0.00400517
4.62687e-11	-0.00404928
4.63878e-11	-0.00409128
4.65069e-11	-0.00413113
4.6626e-11	-0.00416874
4.67451e-11	-0.00420407
4.68642e-11	-0.00423704
4.69833e-11	-0.00426761
4.71024e-11	-0.00429571
4.72215e-11	-0.00432129
4.73406e-11	-0.00434427
4.74597e-11	-0.00436462
4.75788e-11	-0.00438227
4.76979e-11	-0.00439717
4.7817e-11	-0.00440926
4.79361e-11	-0.0044185
4.80552e-11	-0.00442483
4.81743e-11	-0.00442819
4.82934e-11	-0.00442856
4.84125e-11	-0.00442586
4.85316e-11	-0.00442007
4.86507e-11	-0.00441113
4.87698e-11	-0.00439901
4.88888e-11	-0.00438366
4.90079e-11	-0.00436504
4.9127e-11	-0.00434311
4.92461e-11	-0.00431785
4.93652e-11	-0.00428921
4.94843e-11	-0.00425716
4.96034e-11	-0.00422167
4.97225e-11	-0.00418272
4.98416e-11	-0.00414027
4.99607e-11	-0.00409431
5.00798e-11	-0.00404481
5.01989e-11	-0.00399175
5.0318e-11	-0.00393511
5.04371e-11	-0.00387488
5.05562e-11	-0.00381104
5.06753e-11	-0.00374359
5.07944e-11	-0.00367251
5.09135e-11	-0.0035978
5.10326e-11	-0.00351945
5.11517e-11	-0.00343747
5.12708e-11	-0.00335186
5.13899e-11	-0.00326261
5.1509e-11	-0.00316975
5.16281e-11	-0.00307326
5.17471e-11	-0.00297318
5.18662e-11	-0.00286951
5.19853e-11	-0.00276227
5.21044e-11	-0.00265148
5.22235e-11	-0.00253716
5.23426e-11	-0.00241934
5.24617e-11	-0.00229806
5.25808e-11	-0.00217333
5.26999e-11	-0.0020452
5.2819e-11	-0.0019137
5.29381e-11	-0.00177888
5.30572e-11	-0.00164077
5.31763e-11	-0.00149943
5.32954e-11	-0.0013549
5.34145e-11	-0.00120723
5.35336e-11	-0.00105649
5.36527e-11	-0.000902725
5.37718e-11	-0.000746002
5.38909e-11	-0.000586385
5.401e-11	-0.000423942
5.41291e-11	-0.000258742
5.42482e-11	-9.08589e-05
5.43673e-11	7.96301e-05
5.44864e-11	0.000252646
5.46054e-11	0.000428106
5.47245e-11	0.000605925
5.48436e-11	0.000786015
5.49627e-11	0.000968284
5.50818e-11	0.00115264
5.52009e-11	0.00133898
5.532e-11	0.00152721
5.54391e-11	0.00171723
5.55582e-11	0.00190892
5.56773e-11	0.00210219
5.57964e-11	0.00229692
5.59155e-11	0.002493
5.60346e-11	0.00269031
5.61537e-11	0.00288873
5.62728e-11	0.00308815
5.63919e-11	0.00328843
5.6511e-11	0.00348945
5.66301e-11	0.00369108
5.67492e-11	0.0038932
5.68683e-11	0.00409567
5.69874e-11	0.00429835
5.71065e-11	0.0045011
5.72256e-11	0.0047038
5.73447e-11	0.00490628
5.74637e-11	0.00510842
5.75828e-11	0.00531007
5.77019e-11	0.00551107
5.7821e-11	0.00571128
5.79401e-11	0.00591056
5.80592e-11	0.00610874
5.81783e-11	0.00630567
5.82974e-11	0.00650121
5.84165e-11	0.00669519
5.85356e-11	0.00688745
5.86547e-11	0.00707785
5.87738e-11	0.00726621
5.88929e-11	0.00745238
5.9012e-11	0.0076362
5.91311e-11	0.00781751
5.92502e-11	0.00799614
5.93693e-11	0.00817193
5.94884e-11	0.00834472
5.96075e-11	0.00851434
5.97266e-11	0.00868064
5.98457e-11	0.00884345
5.99648e-11	0.0090026
6.00839e-11	0.00915794
6.0203e-11	0.00930929
6.0322e-11	0.00945651
6.04411e-11	0.00959941
6.05602e-11	0.00973786
6.06793e-11	0.00987168
6.07984e-11	0.0100007
6.09175e-11	0.0101248
6.10366e-11	0.0102438
6.11557e-11	0.0103575
6.12748e-11	0.0104659
6.13939e-11	0.0105686
6.1513e-11	0.0106657
6.16321e-11	0.0107569
6.17512e-11	0.0108421
6.18703e-11	0.0109211
6.19894e-11	0.0109938
6.21085e-11	0.0110601
6.22276e-11	0.0111199
6.23467e-11	0.0111729
6.24658e-11	0.0112191
6.25849e-11	0.0112583
6.2704e-11	0.0112904
6.28231e-11	0.0113153
6.29422e-11	0.0113328
6.30613e-11	0.0113429
6.31804e-11	0.0113455
6.32994e-11	0.0113403
6.34185e-11	0.0113274
6.35376e-11	0.0113066
6.36567e-11	0.0112778
6.37758e-11	0.0112409
6.38949e-11	0.0111959
6.4014e-11	0.0111426
6.41331e-11	0.0110811
6.42522e-11	0.0110111
6.43713e-11	0.0109326
6.44904e-11	0.0108456
6.46095e-11	0.01075
6.47286e-11	0.0106457
6.48477e-11	0.0105328
6.49668e-11	0.0104111
6.50859e-11	0.0102806
6.5205e-11	0.0101413
6.53241e-11	0.00999321
6.54432e-11	0.00983621
6.55623e-11	0.00967033
6.56814e-11	0.00949556
6.58005e-11	0.0093119
6.59196e-11	0.00911934
6.60387e-11	0.00891791
6.61577e-11	0.0087076
6.62768e-11	0.00848845
6.63959e-11	0.00826049
6.6515e-11	0.00802373
6.66341e-11	0.00777824
6.67532e-11	0.00752405
6.68723e-11	0.00726122
6.69914e-11	0.0069898
6.71105e-11	0.00670988
6.72296e-11	0.00642152
6.73487e-11	0.00612481
6.74678e-11	0.00581982
6.75869e-11	0.00550667
6.7706e-11	0.00518545
6.78251e-11	0.00485627
6.79442e-11	0.00451925
6.80633e-11	0.00417451
6.81824e-11	0.00382218
6.83015e-11	0.00346241
6.84206e-11	0.00309533
6.85397e-11	0.00272109
6.86588e-11	0.00233986
6.87779e-11	0.00195181
6.8897e-11	0.0015571
6.9016e-11	0.00115591
6.91351e-11	0.000748437
6.92542e-11	0.000334869
6.93733e-11	-8.45919e-05
6.94924e-11	-0.000509739
6.96115e-11	-0.000940359
6.97306e-11	-0.00137623
6.98497e-11	-0.00181712
6.99688e-11	-0.00226281
7.00879e-11	-0.00271304
7.0207e-11	-0.00316757
7.03261e-11	-0.00362616
7.04452e-11	-0.00408853
7.05643e-11	-0.00455443
7.06834e-11	-0.00502358
7.08025e-11	-0.00549571
7.09216e-11	-0.00597052
7.10407e-11	-0.00644774
7.11598e-11	-0.00692707
7.12789e-11	-0.00740821
7.1398e-11	-0.00789086
7.15171e-11	-0.0083747
7.16362e-11	-0.00885941
7.17553e-11	-0.00934469
7.18743e-11	-0.00983021
7.19934e-11	-0.0103156
7.21125e-11	-0.0108006
7.22316e-11	-0.0112849
7.23507e-11	-0.011768
7.24698e-11	-0.0122497
7.25889e-11	-0.0127295
7.2708e-11	-0.0132073
7.28271e-11	-0.0136825
7.29462e-11	-0.0141548
7.30653e-11	-0.014624
7.31844e-11	-0.0150895
7.33035e-11	-0.0155511
7.34226e-11	-0.0160084
7.35417e-11	-0.016461
7.36608e-11	-0.0169086
7.37799e-11	-0.0173507
7.3899e-11	-0.017787
7.40181e-11	-0.0182171
7.41372e-11	-0.0186407
7.42563e-11	-0.0190573
7.43754e-11	-0.0194666
7.44945e-11	-0.0198683
7.46136e-11	-0.0202619
7.47326e-11	-0.0206471
7.48517e-11	-0.0210235
7.49708e-11	-0.0213907
7.50899e-11	-0.0217484
7.5209e-11	-0.0220962
7.53281e-11	-0.0224337
7.54472e-11	-0.0227605
7.55663e-11	-0.0230764
7.56854e-11	-0.0233809
7.58045e-11	-0.0236737
7.59236e-11	-0.0239544
7.60427e-11	-0.0242228
7.61618e-11	-0.0244783
7.62809e-11	-0.0247208
7.64e-11	-0.0249498
7.65191e-11	-0.0251651
7.66382e-11	-0.0253663
7.67573e-11	-0.0255532
7.68764e-11	-0.0257253
7.69955e-11	-0.0258824
7.71146e-11	-0.0260241
7.72337e-11	-0.0261503
7.73528e-11	-0.0262605
7.74719e-11	-0.0263546
7.75909e-11	-0.0264323
7.771e-11	-0.0264932
7.78291e-11	-0.0265372
7.79482e-11	-0.0265639
7.80673e-11	-0.0265732
7.81864e-11	-0.0265649
7.83055e-11	-0.0265386
7.84246e-11	-0.0264942
7.85437e-11	-0.0264315
7.86628e-11	-0.0263504
7.87819e-11	-0.0262505
7.8901e-11	-0.0261318
7.90201e-11	-0.0259941
7.91392e-11	-0.0258372
7.92583e-11	-0.0256611
7.93774e-11	-0.0254656
7.94965e-11	-0.0252505
7.96156e-11	-0.0250158
7.97347e-11	-0.0247614
7.98538e-11	-0.0244872
7.99729e-11	-0.0241931
8.0092e-11	-0.0238792
8.02111e-11	-0.0235453
8.03302e-11	-0.0231915
8.04492e-11	-0.0228177
8.05683e-11	-0.0224239
8.06874e-11	-0.0220102
8.08065e-11	-0.0215765
8.09256e-11	-0.021123
8.10447e-11	-0.0206497
8.11638e-11	-0.0201566
8.12829e-11	-0.0196439
8.1402e-11	-0.0191117
8.15211e-11	-0.01856
8.16402e-11	-0.017989
8.17593e-11	-0.0173988
8.18784e-11	-0.0167897
8.19975e-11	-0.0161618
8.21166e-11	-0.0155152
8.22357e-11	-0.0148503
8.23548e-11	-0.0141671
8.24739e-11	-0.013466
8.2593e-11	-0.0127473
8.27121e-11	-0.012011
8.28312e-11	-0.0112577
8.29503e-11	-0.0104875
8.30694e-11	-0.00970075
8.31885e-11	-0.00889783
8.33075e-11	-0.00807905
8.34266e-11	-0.00724477
8.35457e-11	-0.00639538
8.36648e-11	-0.00553125
8.37839e-11	-0.0046528
8.3903e-11	-0.00376044
8.40221e-11	-0.00285461
8.41412e-11	-0.00193576
8.42603e-11	-0.00100435
8.43794e-11	-6.0847e-05
8.44985e-11	0.000894245
8.46176e-11	0.00186043
8.47367e-11	0.00283718
8.48558e-11	0.00382397
8.49749e-11	0.00482025
8.5094e-11	0.00582547
8.52131e-11	0.00683905
8.53322e-11	0.00786041
8.54513e-11	0.00888895
8.55704e-11	0.00992407
8.56895e-11	0.0109651
8.58086e-11	0.0120115
8.59277e-11	0.0130626
8.60468e-11	0.0141177
8.61658e-11	0.0151762
8.62849e-11	0.0162374
8.6404e-11	0.0173006
8.65231e-11	0.0183651
8.66422e-11	0.0194302
8.67613e-11	0.0204952
8.68804e-11	0.0215593
8.69995e-11	0.022622
8.71186e-11	0.0236823
8.72377e-11	0.0247397
8.73568e-11	0.0257932
8.74759e-11	0.0268423
8.7595e-11	0.027886
8.77141e-11	0.0289237
8.78332e-11	0.0299546
8.79523e-11	0.0309778
8.80714e-11	0.0319927
8.81905e-11	0.0329984
8.83096e-11	0.0339942
8.84287e-11	0.0349792
8.85478e-11	0.0359528
8.86669e-11	0.0369139
8.8786e-11	0.037862
8.89051e-11	0.0387962
8.90242e-11	0.0397157
8.91432e-11	0.0406197
8.92623e-11	0.0415075
8.93814e-11	0.0423782
8.95005e-11	0.043231
8.96196e-11	0.0440652
8.97387e-11	0.04488
8.98578e-11	0.0456747
8.99769e-11	0.0464483
9.0096e-11	0.0472003
9.02151e-11	0.0479298
9.03342e-11	0.0486361
9.04533e-11	0.0493184
9.05724e-11	0.049976
9.06915e-11	0.0506082
9.08106e-11	0.0512143
9.09297e-11	0.0517935
9.10488e-11	0.0523451
9.11679e-11	0.0528685
9.1287e-11	0.053363
9.14061e-11	0.0538279
9.15252e-11	0.0542626
9.16443e-11	0.0546664
9.17634e-11	0.0550387
9.18825e-11	0.0553789
9.20015e-11	0.0556864
9.21206e-11	0.0559606
9.22397e-11	0.0562009
9.23588e-11	0.0564069
9.24779e-11	0.056578
9.2597e-11	0.0567136
9.27161e-11	0.0568133
9.28352e-11	0.0568766
9.29543e-11	0.056903
9.30734e-11	0.0568921
9.31925e-11	0.0568436
9.33116e-11	0.0567569
9.34307e-11	0.0566318
9.35498e-11	0.0564678
9.36689e-11	0.0562647
9.3788e-11	0.0560221
9.39071e-11	0.0557398
9.40262e-11	0.0554175
9.41453e-11	0.055055
9.42644e-11	0.0546521
9.43835e-11	0.0542085
9.45026e-11	0.0537242
9.46217e-11	0.0531989
9.47408e-11	0.0526327
9.48598e-11	0.0520253
9.49789e-11	0.0513768
9.5098e-11	0.0506872
9.52171e-11	0.0499564
9.53362e-11	0.0491845
9.54553e-11	0.0483715
9.55744e-11	0.0475175
9.56935e-11	0.0466227
9.58126e-11	0.0456871
9.59317e-11	0.044711
9.60508e-11	0.0436946
9.61699e-11	0.0426381
9.6289e-11	0.0415418
9.64081e-11	0.040406
9.65272e-11	0.0392309
9.66463e-11	0.038017
9.67654e-11	0.0367646
9.68845e-11	0.0354741
9.70036e-11	0.0341461
9.71227e-11	0.0327809
9.72418e-11	0.0313791
9.73609e-11	0.0299413
9.748e-11	0.0284679
9.75991e-11	0.0269596
9.77181e-11	0.025417
9.78372e-11	0.0238407
9.79563e-11	0.0222316
9.80754e-11	0.0205902
9.81945e-11	0.0189173
9.83136e-11	0.0172137
9.84327e-11	0.0154803
9.85518e-11	0.0137177
9.86709e-11	0.011927
9.879e-11	0.010109
9.89091e-11	0.00826457
9.90282e-11	0.00639472
9.91473e-11	0.00450042
9.92664e-11	0.00258265
9.93855e-11	0.000642458
9.95046e-11	-0.00131911
9.96237e-11	-0.00330098
9.97428e-11	-0.00530203
9.98619e-11	-0.00732115
9.9981e-11	-0.00935716
1.001e-10	-0.0114089
1.00219e-10	-0.0134752
1.00338e-10	-0.0155547
1.00457e-10	-0.0176464
1.00576e-10	-0.0197488
1.00696e-10	-0.0218607
1.00815e-10	-0.0239808
1.00934e-10	-0.0261078
1.01053e-10	-0.0282403
1.01172e-10	-0.0303769
1.01291e-10	-0.0325164
1.0141e-10	-0.0346572
1.01529e-10	-0.0367979
1.01648e-10	-0.0389373
1.01767e-10	-0.0410737
1.01887e-10	-0.0432058
1.02006e-10	-0.045332
1.02125e-10	-0.047451
1.02244e-10	-0.0495611
1.02363e-10	-0.051661
1.02482e-10	-0.0537491
1.02601e-10	-0.0558239
1.0272e-10	-0.0578839
1.02839e-10	-0.0599276
1.02958e-10	-0.0619534
1.03077e-10	-0.0639597
1.03197e-10	-0.0659451
1.03316e-10	-0.0679081
1.03435e-10	-0.069847
1.03554e-10	-0.0717604
1.03673e-10	-0.0736466
1.03792e-10	-0.0755043
1.03911e-10	-0.0773317
1.0403e-10	-0.0791275
1.04149e-10	-0.0808901
1.04268e-10	-0.082618
1.04388e-10	-0.0843096
1.04507e-10	-0.0859636
1.04626e-10	-0.0875783
1.04745e-10	-0.0891524
1.04864e-10	-0.0906843
1.04983e-10	-0.0921726
1.05102e-10	-0.0936159
1.05221e-10	-0.0950128
1.0534e-10	-0.0963619
1.05459e-10	-0.0976617
1.05578e-10	-0.0989109
1.05698e-10	-0.100108
1.05817e-10	-0.101252
1.05936e-10	-0.102342
1.06055e-10	-0.103376
1.06174e-10	-0.104352
1.06293e-10	-0.105271
1.06412e-10	-0.10613
1.06531e-10	-0.106928
1.0665e-10	-0.107665
1.06769e-10	-0.108338
1.06889e-10	-0.108948
1.07008e-10	-0.109492
1.07127e-10	-0.109971
1.07246e-10	-0.110383
1.07365e-10	-0.110726
1.07484e-10	-0.111001
1.07603e-10	-0.111206
1.07722e-10	-0.111341
1.07841e-10	-0.111404
1.0796e-10	-0.111396
1.08079e-10	-0.111314
1.08199e-10	-0.111159
1.08318e-10	-0.11093
1.08437e-10	-0.110626
1.08556e-10	-0.110247
1.08675e-10	-0.109793
1.08794e-10	-0.109262
1.08913e-10	-0.108655
1.09032e-10	-0.107971
1.09151e-10	-0.10721
1.0927e-10	-0.106371
1.0939e-10	-0.105455
1.09509e-10	-0.104461
1.09628e-10	-0.103389
1.09747e-10	-0.102239
1.09866e-10	-0.101012
1.09985e-10	-0.0997062
1.10104e-10	-0.0983231
1.10223e-10	-0.0968623
1.10342e-10	-0.0953243
1.10461e-10	-0.0937091
1.1058e-10	-0.0920172
1.107e-10	-0.0902489
1.10819e-10	-0.0884046
1.10938e-10	-0.0864849
1.11057e-10	-0.0844903
1.11176e-10	-0.0824214
1.11295e-10	-0.0802789
1.11414e-10	-0.0780634
1.11533e-10	-0.0757757
1.11652e-10	-0.0734167
1.11771e-10	-0.0709872
1.11891e-10	-0.0684882
1.1201e-10	-0.0659207
1.12129e-10	-0.0632856
1.12248e-10	-0.0605842
1.12367e-10	-0.0578175
1.12486e-10	-0.0549868
1.12605e-10	-0.0520933
1.12724e-10	-0.0491384
1.12843e-10	-0.0461235
1.12962e-10	-0.0430498
1.13082e-10	-0.039919
1.13201e-10	-0.0367326
1.1332e-10	-0.0334921
1.13439e-10	-0.0301992
1.13558e-10	-0.0268556
1.13677e-10	-0.0234629
1.13796e-10	-0.0200231
1.13915e-10	-0.0165378
1.14034e-10	-0.0130091
1.14153e-10	-0.0094387
1.14272e-10	-0.00582872
1.14392e-10	-0.00218115
1.14511e-10	0.00150197
1.1463e-10	0.00521854
1.14749e-10	0.0089664
1.14868e-10	0.0127434
1.14987e-10	0.0165473
1.15106e-10	0.0203758
1.15225e-10	0.0242266
1.15344e-10	0.0280974
1.15463e-10	0.0319859
1.15583e-10	0.0358896
1.15702e-10	0.0398061
1.15821e-10	0.0437329
1.1594e-10	0.0476675
1.16059e-10	0.0516075
1.16178e-10	0.0555502
1.16297e-10	0.0594931
1.16416e-10	0.0634336
1.16535e-10	0.067369
1.16654e-10	0.0712968
1.16773e-10	0.0752143
1.16893e-10	0.0791187
1.17012e-10	0.0830075
1.17131e-10	0.0868778
1.1725e-10	0.0907271
1.17369e-10	0.0945525
1.17488e-10	0.0983513
1.17607e-10	0.102121
1.17726e-10	0.105858
1.17845e-10	0.109561
1.17964e-10	0.113226
1.18084e-10	0.116851
1.18203e-10	0.120433
1.18322e-10	0.123969
1.18441e-10	0.127456
1.1856e-10	0.130892
1.18679e-10	0.134274
1.18798e-10	0.1376
1.18917e-10	0.140866
1.19036e-10	0.14407
1.19155e-10	0.14721
1.19274e-10	0.150282
1.19394e-10	0.153284
1.19513e-10	0.156213
1.19632e-10	0.159068
1.19751e-10	0.161845
1.1987e-10	0.164541
1.19989e-10	0.167155
1.20108e-10	0.169684
1.20227e-10	0.172126
1.20346e-10	0.174478
1.20465e-10	0.176737
1.20585e-10	0.178902
1.20704e-10	0.180971
1.20823e-10	0.18294
1.20942e-10	0.184809
1.21061e-10	0.186574
1.2118e-10	0.188234
1.21299e-10	0.189787
1.21418e-10	0.19123
1.21537e-10	0.192563
1.21656e-10	0.193783
1.21776e-10	0.194888
1.21895e-10	0.195877
1.22014e-10	0.196748
1.22133e-10	0.197499
1.22252e-10	0.198129
1.22371e-10	0.198637
1.2249e-10	0.199021
1.22609e-10	0.19928
1.22728e-10	0.199412
1.22847e-10	0.199416
1.22966e-10	0.199292
1.23086e-10	0.199038
1.23205e-10	0.198654
1.23324e-10	0.198138
1.23443e-10	0.197489
1.23562e-10	0.196708
1.23681e-10	0.195793
1.238e-10	0.194745
1.23919e-10	0.193561
1.24038e-10	0.192243
1.24157e-10	0.19079
1.24277e-10	0.189201
1.24396e-10	0.187478
1.24515e-10	0.185618
1.24634e-10	0.183624
1.24753e-10	0.181494
1.24872e-10	0.17923
1.24991e-10	0.176831
1.2511e-10	0.174298
1.25229e-10	0.171631
1.25348e-10	0.168832
1.25467e-10	0.165901
1.25587e-10	0.162839
1.25706e-10	0.159646
1.25825e-10	0.156324
1.25944e-10	0.152874
1.26063e-10	0.149297
1.26182e-10	0.145594
1.26301e-10	0.141767
1.2642e-10	0.137818
1.26539e-10	0.133747
1.26658e-10	0.129557
1.26778e-10	0.125249
1.26897e-10	0.120825
1.27016e-10	0.116288
1.27135e-10	0.111638
1.27254e-10	0.106879
1.27373e-10	0.102013
1.27492e-10	0.0970408
1.27611e-10	0.0919665
1.2773e-10	0.0867919
1.27849e-10	0.0815196
1.27968e-10	0.0761525
1.28088e-10	0.0706931
1.28207e-10	0.0651443
1.28326e-10	0.059509
1.28445e-10	0.0537903
1.28564e-10	0.0479913
1.28683e-10	0.0421149
1.28802e-10	0.0361646
1.28921e-10	0.0301436
1.2904e-10	0.0240553
1.29159e-10	0.0179031
1.29279e-10	0.0116906
1.29398e-10	0.00542128
1.29517e-10	-0.000901127
1.29636e-10	-0.00727292
1.29755e-10	-0.0136903
1.29874e-10	-0.0201495
1.29993e-10	-0.0266466
1.30112e-10	-0.0331776
1.30231e-10	-0.0397386
1.3035e-10	-0.0463254
1.3047e-10	-0.052934
1.30589e-10	-0.0595602
1.30708e-10	-0.0661998
1.30827e-10	-0.0728487
1.30946e-10	-0.0795025
1.31065e-10	-0.0861569
1.31184e-10	-0.0928077
1.31303e-10	-0.0994503
1.31422e-10	-0.10608
1.31541e-10	-0.112694
1.3166e-10	-0.119286
1.3178e-10	-0.125852
1.31899e-10	-0.132387
1.32018e-10	-0.138888
1.32137e-10	-0.14535
1.32256e-10	-0.151768
1.32375e-10	-0.158137
1.32494e-10	-0.164454
1.32613e-10	-0.170713
1.32732e-10	-0.176911
1.32851e-10	-0.183042
1.32971e-10	-0.189102
1.3309e-10	-0.195086
1.33209e-10	-0.200991
1.33328e-10	-0.206812
1.33447e-10	-0.212543
1.33566e-10	-0.218182
1.33685e-10	-0.223723
1.33804e-10	-0.229163
1.33923e-10	-0.234496
1.34042e-10	-0.239718
1.34161e-10	-0.244827
1.34281e-10	-0.249816
1.344e-10	-0.254682
1.34519e-10	-0.259422
1.34638e-10	-0.26403
1.34757e-10	-0.268503
1.34876e-10	-0.272838
1.34995e-10	-0.277029
1.35114e-10	-0.281075
1.35233e-10	-0.284969
1.35352e-10	-0.28871
1.35472e-10	-0.292294
1.35591e-10	-0.295717
1.3571e-10	-0.298975
1.35829e-10	-0.302066
1.35948e-10	-0.304986
1.36067e-10	-0.307732
1.36186e-10	-0.310301
1.36305e-10	-0.31269
1.36424e-10	-0.314896
1.36543e-10	-0.316917
1.36662e-10	-0.318749
1.36782e-10	-0.320391
1.36901e-10	-0.321839
1.3702e-10	-0.323092
1.37139e-10	-0.324148
1.37258e-10	-0.325003
1.37377e-10	-0.325657
1.37496e-10	-0.326107
1.37615e-10	-0.326351
1.37734e-10	-0.326389
1.37853e-10	-0.326218
1.37973e-10	-0.325838
1.38092e-10	-0.325246
1.38211e-10	-0.324442
1.3833e-10	-0.323425
1.38449e-10	-0.322195
1.38568e-10	-0.320749
1.38687e-10	-0.319088
1.38806e-10	-0.317212
1.38925e-10	-0.31512
1.39044e-10	-0.312811
1.39164e-10	-0.310287
1.39283e-10	-0.307547
1.39402e-10	-0.304591
1.39521e-10	-0.30142
1.3964e-10	-0.298034
1.39759e-10	-0.294435
1.39878e-10	-0.290623
1.39997e-10	-0.286598
1.40116e-10	-0.282363
1.40235e-10	-0.277918
1.40354e-10	-0.273265
1.40474e-10	-0.268406
1.40593e-10	-0.263342
1.40712e-10	-0.258076
1.40831e-10	-0.252608
1.4095e-10	-0.246942
1.41069e-10	-0.24108
1.41188e-10	-0.235024
1.41307e-10	-0.228777
1.41426e-10	-0.222341
1.41545e-10	-0.215721
1.41665e-10	-0.208918
1.41784e-10	-0.201935
1.41903e-10	-0.194777
1.42022e-10	-0.187447
1.42141e-10	-0.179947
1.4226e-10	-0.172283
1.42379e-10	-0.164458
1.42498e-10	-0.156475
1.42617e-10	-0.14834
1.42736e-10	-0.140056
1.42855e-10	-0.131628
1.42975e-10	-0.12306
1.43094e-10	-0.114356
1.43213e-10	-0.105523
1.43332e-10	-0.0965635
1.43451e-10	-0.0874839
1.4357e-10	-0.0782888
1.43689e-10	-0.0689836
1.43808e-10	-0.0595735
1.43927e-10	-0.0500639
1.44046e-10	-0.0404604
1.44166e-10	-0.0307686
1.44285e-10	-0.0209942
1.44404e-10	-0.011143
1.44523e-10	-0.00122096
1.44642e-10	0.00876606
1.44761e-10	0.0188119
1.4488e-10	0.0289105
1.44999e-10	0.0390557
1.45118e-10	0.0492411
1.45237e-10	0.0594604
1.45356e-10	0.0697071
1.45476e-10	0.079975
1.45595e-10	0.0902573
1.45714e-10	0.100548
1.45833e-10	0.110839
1.45952e-10	0.121125
1.46071e-10	0.1314
1.4619e-10	0.141655
1.46309e-10	0.151885
1.46428e-10	0.162083
1.46547e-10	0.172242
1.46667e-10	0.182354
1.46786e-10	0.192414
1.46905e-10	0.202414
1.47024e-10	0.212348
1.47143e-10	0.222209
1.47262e-10	0.23199
1.47381e-10	0.241683
1.475e-10	0.251283
1.47619e-10	0.260782
1.47738e-10	0.270174
1.47858e-10	0.279452
1.47977e-10	0.28861
1.48096e-10	0.297639
1.48215e-10	0.306535
1.48334e-10	0.315291
1.48453e-10	0.323899
1.48572e-10	0.332354
1.48691e-10	0.340648
1.4881e-10	0.348777
1.48929e-10	0.356733
1.49048e-10	0.36451
1.49168e-10	0.372103
1.49287e-10	0.379505
1.49406e-10	0.386709
1.49525e-10	0.393712
1.49644e-10	0.400506
1.49763e-10	0.407086
1.49882e-10	0.413447
1.50001e-10	0.419583
1.5012e-10	0.425489
1.50239e-10	0.431159
1.50359e-10	0.43659
1.50478e-10	0.441774
1.50597e-10	0.446709
1.50716e-10	0.451389
1.50835e-10	0.45581
1.50954e-10	0.459968
1.51073e-10	0.463857
1.51192e-10	0.467475
1.51311e-10	0.470817
1.5143e-10	0.473879
1.51549e-10	0.476659
1.51669e-10	0.479152
1.51788e-10	0.481355
1.51907e-10	0.483265
1.52026e-10	0.484879
1.52145e-10	0.486195
1.52264e-10	0.48721
1.52383e-10	0.487922
1.52502e-10	0.488328
1.52621e-10	0.488426
1.5274e-10	0.488215
1.5286e-10	0.487693
1.52979e-10	0.486859
1.53098e-10	0.485711
1.53217e-10	0.484248
1.53336e-10	0.48247
1.53455e-10	0.480376
1.53574e-10	0.477966
1.53693e-10	0.475239
1.53812e-10	0.472195
1.53931e-10	0.468835
1.5405e-10	0.465158
1.5417e-10	0.461167
1.54289e-10	0.456861
1.54408e-10	0.452241
1.54527e-10	0.447309
1.54646e-10	0.442067
1.54765e-10	0.436515
1.54884e-10	0.430656
1.55003e-10	0.424492
1.55122e-10	0.418026
1.55241e-10	0.411259
1.55361e-10	0.404195
1.5548e-10	0.396836
1.55599e-10	0.389186
1.55718e-10	0.381248
1.55837e-10	0.373026
1.55956e-10	0.364523
1.56075e-10	0.355744
1.56194e-10	0.346692
1.56313e-10	0.337372
1.56432e-10	0.327788
1.56551e-10	0.317946
1.56671e-10	0.30785
1.5679e-10	0.297506
1.56909e-10	0.286919
1.57028e-10	0.276094
1.57147e-10	0.265037
1.57266e-10	0.253754
1.57385e-10	0.242251
1.57504e-10	0.230535
1.57623e-10	0.218612
1.57742e-10	0.206488
1.57862e-10	0.19417
1.57981e-10	0.181666
1.581e-10	0.168982
1.58219e-10	0.156125
1.58338e-10	0.143103
1.58457e-10	0.129924
1.58576e-10	0.116595
1.58695e-10	0.103124
1.58814e-10	0.0895185
1.58933e-10	0.0757874
1.59053e-10	0.0619384
1.59172e-10	0.04798
1.59291e-10	0.0339206
1.5941e-10	0.0197687
1.59529e-10	0.00553304
1.59648e-10	-0.00877774
1.59767e-10	-0.0231548
1.59886e-10	-0.0375891
1.60005e-10	-0.0520717
1.60124e-10	-0.0665936
1.60243e-10	-0.0811455
1.60363e-10	-0.0957183
1.60482e-10	-0.110303
1.60601e-10	-0.124889
1.6072e-10	-0.139469
1.60839e-10	-0.154032
1.60958e-10	-0.168569
1.61077e-10	-0.18307
1.61196e-10	-0.197527
1.61315e-10	-0.211929
1.61434e-10	-0.226267
1.61554e-10	-0.240532
1.61673e-10	-0.254713
1.61792e-10	-0.268802
1.61911e-10	-0.282789
1.6203e-10	-0.296664
1.62149e-10	-0.310418
1.62268e-10	-0.324042
1.62387e-10	-0.337526
1.62506e-10	-0.350861
1.62625e-10	-0.364037
1.62744e-10	-0.377046
1.62864e-10	-0.389878
1.62983e-10	-0.402524
1.63102e-10	-0.414975
1.63221e-10	-0.427223
1.6334e-10	-0.439258
1.63459e-10	-0.451071
1.63578e-10	-0.462655
1.63697e-10	-0.474
1.63816e-10	-0.485099
1.63935e-10	-0.495942
1.64055e-10	-0.506522
1.64174e-10	-0.516831
1.64293e-10	-0.526861
1.64412e-10	-0.536604
1.64531e-10	-0.546053
1.6465e-10	-0.5552
1.64769e-10	-0.564038
1.64888e-10	-0.572561
1.65007e-10	-0.58076
1.65126e-10	-0.588629
1.65245e-10	-0.596163
1.65365e-10	-0.603354
1.65484e-10	-0.610196
1.65603e-10	-0.616684
1.65722e-10	-0.622811
1.65841e-10	-0.628573
1.6596e-10	-0.633963
1.66079e-10	-0.638978
1.66198e-10	-0.643611
1.66317e-10	-0.647858
1.66436e-10	-0.651716
1.66556e-10	-0.655179
1.66675e-10	-0.658244
1.66794e-10	-0.660907
1.66913e-10	-0.663165
1.67032e-10	-0.665014
1.67151e-10	-0.666452
1.6727e-10	-0.667476
1.67389e-10	-0.668083
1.67508e-10	-0.668272
1.67627e-10	-0.66804
1.67747e-10	-0.667385
1.67866e-10	-0.666307
1.67985e-10	-0.664805
1.68104e-10	-0.662877
1.68223e-10	-0.660523
1.68342e-10	-0.657742
1.68461e-10	-0.654536
1.6858e-10	-0.650903
1.68699e-10	-0.646845
1.68818e-10	-0.642363
1.68937e-10	-0.637457
1.69057e-10	-0.632129
1.69176e-10	-0.626381
1.69295e-10	-0.620215
1.69414e-10	-0.613632
1.69533e-10	-0.606636
1.69652e-10	-0.599229
1.69771e-10	-0.591414
1.6989e-10	-0.583196
1.70009e-10	-0.574576
1.70128e-10	-0.56556
1.70248e-10	-0.556152
1.70367e-10	-0.546355
1.70486e-10	-0.536175
1.70605e-10	-0.525617
1.70724e-10	-0.514686
1.70843e-10	-0.503388
1.70962e-10	-0.491728
1.71081e-10	-0.479712
1.712e-10	-0.467347
1.71319e-10	-0.454639
1.71438e-10	-0.441596
1.71558e-10	-0.428224
1.71677e-10	-0.41453
1.71796e-10	-0.400522
1.71915e-10	-0.386208
1.72034e-10	-0.371596
1.72153e-10	-0.356694
1.72272e-10	-0.341511
1.72391e-10	-0.326055
1.7251e-10	-0.310335
1.72629e-10	-0.294359
1.72749e-10	-0.278139
1.72868e-10	-0.261682
1.72987e-10	-0.244999
1.73106e-10	-0.228099
1.73225e-10	-0.210992
1.73344e-10	-0.19369
1.73463e-10	-0.176201
1.73582e-10	-0.158536
1.73701e-10	-0.140707
1.7382e-10	-0.122724
1.73939e-10	-0.104598
1.74059e-10	-0.0863396
1.74178e-10	-0.0679606
1.74297e-10	-0.0494722
1.74416e-10	-0.0308858
1.74535e-10	-0.012213
1.74654e-10	0.00653464
1.74773e-10	0.0253453
1.74892e-10	0.0442071
1.75011e-10	0.0631083
1.7513e-10	0.0820368
1.7525e-10	0.100981
1.75369e-10	0.119928
1.75488e-10	0.138866
1.75607e-10	0.157783
1.75726e-10	0.176668
1.75845e-10	0.195506
1.75964e-10	0.214287
1.76083e-10	0.232999
1.76202e-10	0.251628
1.76321e-10	0.270163
1.76441e-10	0.288592
1.7656e-10	0.306902
1.76679e-10	0.325081
1.76798e-10	0.343118
1.76917e-10	0.361
1.77036e-10	0.378715
1.77155e-10	0.396251
1.77274e-10	0.413597
1.77393e-10	0.430741
1.77512e-10	0.447671
1.77631e-10	0.464376
1.77751e-10	0.480844
1.7787e-10	0.497064
1.77989e-10	0.513025
1.78108e-10	0.528715
1.78227e-10	0.544124
1.78346e-10	0.559242
1.78465e-10	0.574056
1.78584e-10	0.588558
1.78703e-10	0.602736
1.78822e-10	0.616581
1.78942e-10	0.630083
1.79061e-10	0.643232
1.7918e-10	0.656018
1.79299e-10	0.668433
1.79418e-10	0.680466
1.79537e-10	0.69211
1.79656e-10	0.703355
1.79775e-10	0.714194
1.79894e-10	0.724617
1.80013e-10	0.734618
1.80132e-10	0.744188
1.80252e-10	0.753319
1.80371e-10	0.762006
1.8049e-10	0.77024
1.80609e-10	0.778016
1.80728e-10	0.785326
1.80847e-10	0.792166
1.80966e-10	0.798528
1.81085e-10	0.804408
1.81204e-10	0.809801
1.81323e-10	0.814701
1.81443e-10	0.819104
1.81562e-10	0.823006
1.81681e-10	0.826402
1.818e-10	0.82929
1.81919e-10	0.831665
1.82038e-10	0.833525
1.82157e-10	0.834868
1.82276e-10	0.83569
1.82395e-10	0.83599
1.82514e-10	0.835767
1.82633e-10	0.835018
1.82753e-10	0.833743
1.82872e-10	0.831941
1.82991e-10	0.829612
1.8311e-10	0.826756
1.83229e-10	0.823374
1.83348e-10	0.819465
1.83467e-10	0.815031
1.83586e-10	0.810074
1.83705e-10	0.804595
1.83824e-10	0.798597
1.83944e-10	0.792081
1.84063e-10	0.785051
1.84182e-10	0.777509
1.84301e-10	0.76946
1.8442e-10	0.760906
1.84539e-10	0.751853
1.84658e-10	0.742303
1.84777e-10	0.732264
1.84896e-10	0.721738
1.85015e-10	0.710733
1.85135e-10	0.699253
1.85254e-10	0.687306
1.85373e-10	0.674896
1.85492e-10	0.662031
1.85611e-10	0.648719
1.8573e-10	0.634966
1.85849e-10	0.62078
1.85968e-10	0.606169
1.86087e-10	0.591142
1.86206e-10	0.575706
1.86325e-10	0.559871
1.86445e-10	0.543646
1.86564e-10	0.527041
1.86683e-10	0.510064
1.86802e-10	0.492726
1.86921e-10	0.475038
1.8704e-10	0.457009
1.87159e-10	0.43865
1.87278e-10	0.419972
1.87397e-10	0.400987
1.87516e-10	0.381705
1.87636e-10	0.362139
1.87755e-10	0.3423
1.87874e-10	0.322201
1.87993e-10	0.301852
1.88112e-10	0.281268
1.88231e-10	0.26046
1.8835e-10	0.239441
1.88469e-10	0.218224
1.88588e-10	0.196823
1.88707e-10	0.17525
1.88826e-10	0.153519
1.88946e-10	0.131643
1.89065e-10	0.109636
1.89184e-10	0.0875125
1.89303e-10	0.0652851
1.89422e-10	0.0429684
1.89541e-10	0.0205762
1.8966e-10	-0.00187717
1.89779e-10	-0.0243777
1.89898e-10	-0.046911
1.90017e-10	-0.0694628
1.90137e-10	-0.0920188
1.90256e-10	-0.114565
1.90375e-10	-0.137086
1.90494e-10	-0.159568
1.90613e-10	-0.181997
1.90732e-10	-0.204358
1.90851e-10	-0.226636
1.9097e-10	-0.248818
1.91089e-10	-0.27089
1.91208e-10	-0.292835
1.91327e-10	-0.314642
1.91447e-10	-0.336294
1.91566e-10	-0.357779
1.91685e-10	-0.379083
1.91804e-10	-0.40019
1.91923e-10	-0.421088
1.92042e-10	-0.441762
1.92161e-10	-0.4622
1.9228e-10	-0.482387
1.92399e-10	-0.50231
1.92518e-10	-0.521957
1.92638e-10	-0.541313
1.92757e-10	-0.560367
1.92876e-10	-0.579105
1.92995e-10	-0.597515
1.93114e-10	-0.615585
1.93233e-10	-0.633302
1.93352e-10	-0.650655
1.93471e-10	-0.667631
1.9359e-10	-0.68422
1.93709e-10	-0.70041
1.93829e-10	-0.71619
1.93948e-10	-0.731549
1.94067e-10	-0.746477
1.94186e-10	-0.760964
1.94305e-10	-0.774999
1.94424e-10	-0.788573
1.94543e-10	-0.801676
1.94662e-10	-0.8143
1.94781e-10	-0.826435
1.949e-10	-0.838073
1.95019e-10	-0.849205
1.95139e-10	-0.859824
1.95258e-10	-0.869923
1.95377e-10	-0.879493
1.95496e-10	-0.888528
1.95615e-10	-0.897022
1.95734e-10	-0.904967
1.95853e-10	-0.912359
1.95972e-10	-0.919191
1.96091e-10	-0.925459
1.9621e-10	-0.931157
1.9633e-10	-0.936281
1.96449e-10	-0.940827
1.96568e-10	-0.944791
1.96687e-10	-0.94817
1.96806e-10	-0.95096
1.96925e-10	-0.95316
1.97044e-10	-0.954766
1.97163e-10	-0.955778
1.97282e-10	-0.956193
1.97401e-10	-0.95601
1.9752e-10	-0.955229
1.9764e-10	-0.953849
1.97759e-10	-0.95187
1.97878e-10	-0.949294
1.97997e-10	-0.946119
1.98116e-10	-0.942349
1.98235e-10	-0.937984
1.98354e-10	-0.933027
1.98473e-10	-0.927479
1.98592e-10	-0.921344
1.98711e-10	-0.914625
1.98831e-10	-0.907325
1.9895e-10	-0.899448
1.99069e-10	-0.890998
1.99188e-10	-0.881981
1.99307e-10	-0.8724
1.99426e-10	-0.862263
1.99545e-10	-0.851574
1.99664e-10	-0.840339
1.99783e-10	-0.828565
1.99902e-10	-0.816259
2.00021e-10	-0.803428
2.00141e-10	-0.79008
2.0026e-10	-0.776222
2.00379e-10	-0.761863
2.00498e-10	-0.747012
2.00617e-10	-0.731677
2.00736e-10	-0.715867
2.00855e-10	-0.699592
2.00974e-10	-0.682863
2.01093e-10	-0.665688
2.01212e-10	-0.648079
2.01332e-10	-0.630046
2.01451e-10	-0.611601
2.0157e-10	-0.592754
2.01689e-10	-0.573518
2.01808e-10	-0.553903
2.01927e-10	-0.533923
2.02046e-10	-0.51359
2.02165e-10	-0.492916
2.02284e-10	-0.471913
2.02403e-10	-0.450596
2.02522e-10	-0.428977
2.02642e-10	-0.407071
2.02761e-10	-0.384889
2.0288e-10	-0.362447
2.02999e-10	-0.339759
2.03118e-10	-0.316838
2.03237e-10	-0.293699
2.03356e-10	-0.270357
2.03475e-10	-0.246826
2.03594e-10	-0.223122
2.03713e-10	-0.199258
2.03833e-10	-0.175251
2.03952e-10	-0.151115
2.04071e-10	-0.126865
2.0419e-10	-0.102518
2.04309e-10	-0.0780873
2.04428e-10	-0.0535898
2.04547e-10	-0.0290407
2.04666e-10	-0.00445546
2.04785e-10	0.0201502
2.04904e-10	0.0447606
2.05024e-10	0.0693602
2.05143e-10	0.0939333
2.05262e-10	0.118464
2.05381e-10	0.142937
2.055e-10	0.167337
2.05619e-10	0.191648
2.05738e-10	0.215854
2.05857e-10	0.23994
2.05976e-10	0.263891
2.06095e-10	0.287691
2.06214e-10	0.311325
2.06334e-10	0.334778
2.06453e-10	0.358034
2.06572e-10	0.38108
2.06691e-10	0.4039
2.0681e-10	0.42648
2.06929e-10	0.448805
2.07048e-10	0.47086
2.07167e-10	0.492632
2.07286e-10	0.514107
2.07405e-10	0.535271
2.07525e-10	0.556109
2.07644e-10	0.57661
2.07763e-10	0.596759
2.07882e-10	0.616544
2.08001e-10	0.635951
2.0812e-10	0.654969
2.08239e-10	0.673585
2.08358e-10	0.691787
2.08477e-10	0.709564
2.08596e-10	0.726904
2.08715e-10	0.743795
2.08835e-10	0.760227
2.08954e-10	0.77619
2.09073e-10	0.791672
2.09192e-10	0.806665
2.09311e-10	0.821157
2.0943e-10	0.835141
2.09549e-10	0.848607
2.09668e-10	0.861545
2.09787e-10	0.873949
2.09906e-10	0.885809
2.10026e-10	0.897119
2.10145e-10	0.90787
2.10264e-10	0.918057
2.10383e-10	0.927671
2.10502e-10	0.936708
2.10621e-10	0.945161
2.1074e-10	0.953025
2.10859e-10	0.960294
2.10978e-10	0.966965
2.11097e-10	0.973032
2.11216e-10	0.978492
2.11336e-10	0.983341
2.11455e-10	0.987576
2.11574e-10	0.991194
2.11693e-10	0.994194
2.11812e-10	0.996573
2.11931e-10	0.998329
2.1205e-10	0.999461
2.12169e-10	0.999969
2.12288e-10	0.999853
2.12407e-10	0.999112
2.12527e-10	0.997746
2.12646e-10	0.995758
2.12765e-10	0.993147
2.12884e-10	0.989917
2.13003e-10	0.986068
2.13122e-10	0.981603
2.13241e-10	0.976526
2.1336e-10	0.970839
2.13479e-10	0.964546
2.13598e-10	0.957651
2.13718e-10	0.95016
2.13837e-10	0.942075
2.13956e-10	0.933404
2.14075e-10	0.924151
2.14194e-10	0.914322
2.14313e-10	0.903924
2.14432e-10	0.892964
2.14551e-10	0.881448
2.1467e-10	0.869384
2.14789e-10	0.85678
2.14908e-10	0.843643
2.15028e-10	0.829983
2.15147e-10	0.815809
2.15266e-10	0.801128
2.15385e-10	0.785952
2.15504e-10	0.770289
2.15623e-10	0.75415
2.15742e-10	0.737545
2.15861e-10	0.720486
2.1598e-10	0.702982
2.16099e-10	0.685045
2.16219e-10	0.666687
2.16338e-10	0.647919
2.16457e-10	0.628754
2.16576e-10	0.609205
2.16695e-10	0.589283
2.16814e-10	0.569001
2.16933e-10	0.548373
2.17052e-10	0.527411
2.17171e-10	0.50613
2.1729e-10	0.484543
2.17409e-10	0.462663
2.17529e-10	0.440505
2.17648e-10	0.418084
2.17767e-10	0.395413
2.17886e-10	0.372507
2.18005e-10	0.34938
2.18124e-10	0.326049
2.18243e-10	0.302526
2.18362e-10	0.278829
2.18481e-10	0.25497
2.186e-10	0.230967
2.1872e-10	0.206835
2.18839e-10	0.182588
2.18958e-10	0.158242
2.19077e-10	0.133813
2.19196e-10	0.109317
2.19315e-10	0.0847684
2.19434e-10	0.0601836
2.19553e-10	0.0355781
2.19672e-10	0.0109676
2.19791e-10	-0.0136322
2.1991e-10	-0.0382058
2.2003e-10	-0.0627375
2.20149e-10	-0.0872118
2.20268e-10	-0.111613
2.20387e-10	-0.135926
2.20506e-10	-0.160135
2.20625e-10	-0.184225
2.20744e-10	-0.20818
2.20863e-10	-0.231986
2.20982e-10	-0.255628
2.21101e-10	-0.27909
2.21221e-10	-0.302358
2.2134e-10	-0.325417
2.21459e-10	-0.348253
2.21578e-10	-0.370851
2.21697e-10	-0.393197
2.21816e-10	-0.415278
2.21935e-10	-0.437079
2.22054e-10	-0.458586
2.22173e-10	-0.479787
2.22292e-10	-0.500669
2.22412e-10	-0.521217
2.22531e-10	-0.541421
2.2265e-10	-0.561266
2.22769e-10	-0.58074
2.22888e-10	-0.599833
2.23007e-10	-0.618531
2.23126e-10	-0.636824
2.23245e-10	-0.6547
2.23364e-10	-0.672148
2.23483e-10	-0.689158
2.23602e-10	-0.705719
2.23722e-10	-0.721821
2.23841e-10	-0.737455
2.2396e-10	-0.752611
2.24079e-10	-0.767279
2.24198e-10	-0.781452
2.24317e-10	-0.795121
2.24436e-10	-0.808277
2.24555e-10	-0.820913
2.24674e-10	-0.833021
2.24793e-10	-0.844594
2.24913e-10	-0.855626
2.25032e-10	-0.86611
2.25151e-10	-0.876041
2.2527e-10	-0.885412
2.25389e-10	-0.894218
2.25508e-10	-0.902454
2.25627e-10	-0.910116
2.25746e-10	-0.9172
2.25865e-10	-0.923702
2.25984e-10	-0.929618
2.26103e-10	-0.934946
2.26223e-10	-0.939682
2.26342e-10	-0.943826
2.26461e-10	-0.947374
2.2658e-10	-0.950325
2.26699e-10	-0.952679
2.26818e-10	-0.954434
2.26937e-10	-0.95559
2.27056e-10	-0.956148
2.27175e-10	-0.956108
2.27294e-10	-0.95547
2.27414e-10	-0.954237
2.27533e-10	-0.952408
2.27652e-10	-0.949988
2.27771e-10	-0.946978
2.2789e-10	-0.94338
2.28009e-10	-0.939198
2.28128e-10	-0.934436
2.28247e-10	-0.929098
2.28366e-10	-0.923186
2.28485e-10	-0.916708
2.28604e-10	-0.909666
2.28724e-10	-0.902067
2.28843e-10	-0.893916
2.28962e-10	-0.88522
2.29081e-10	-0.875984
2.292e-10	-0.866216
2.29319e-10	-0.855923
2.29438e-10	-0.845111
2.29557e-10	-0.833789
2.29676e-10	-0.821965
2.29795e-10	-0.809646
2.29915e-10	-0.796843
2.30034e-10	-0.783563
2.30153e-10	-0.769816
2.30272e-10	-0.755611
2.30391e-10	-0.740958
2.3051e-10	-0.725868
2.30629e-10	-0.710351
2.30748e-10	-0.694416
2.30867e-10	-0.678076
2.30986e-10	-0.661342
2.31106e-10	-0.644223
2.31225e-10	-0.626733
2.31344e-10	-0.608883
2.31463e-10	-0.590685
2.31582e-10	-0.572151
2.31701e-10	-0.553294
2.3182e-10	-0.534126
2.31939e-10	-0.514659
2.32058e-10	-0.494908
2.32177e-10	-0.474885
2.32296e-10	-0.454602
2.32416e-10	-0.434075
2.32535e-10	-0.413315
2.32654e-10	-0.392338
2.32773e-10	-0.371156
2.32892e-10	-0.349783
2.33011e-10	-0.328234
2.3313e-10	-0.306522
2.33249e-10	-0.284662
2.33368e-10	-0.262668
2.33487e-10	-0.240554
2.33607e-10	-0.218334
2.33726e-10	-0.196023
2.33845e-10	-0.173635
2.33964e-10	-0.151185
2.34083e-10	-0.128686
2.34202e-10	-0.106154
2.34321e-10	-0.0836028
2.3444e-10	-0.0610467
2.34559e-10	-0.0385001
2.34678e-10	-0.0159774
2.34797e-10	0.00650722
2.34917e-10	0.0289394
2.35036e-10	0.0513051
2.35155e-10	0.0735901
2.35274e-10	0.0957805
2.35393e-10	0.117862
2.35512e-10	0.139822
2.35631e-10	0.161645
2.3575e-10	0.183319
2.35869e-10	0.204829
2.35988e-10	0.226163
2.36108e-10	0.247308
2.36227e-10	0.268249
2.36346e-10	0.288975
2.36465e-10	0.309473
2.36584e-10	0.32973
2.36703e-10	0.349734
2.36822e-10	0.369473
2.36941e-10	0.388934
2.3706e-10	0.408106
2.37179e-10	0.426978
2.37298e-10	0.445538
2.37418e-10	0.463775
2.37537e-10	0.481678
2.37656e-10	0.499237
2.37775e-10	0.516441
2.37894e-10	0.533281
2.38013e-10	0.549745
2.38132e-10	0.565826
2.38251e-10	0.581513
2.3837e-10	0.596797
2.38489e-10	0.61167
2.38609e-10	0.626123
2.38728e-10	0.640149
2.38847e-10	0.653738
2.38966e-10	0.666884
2.39085e-10	0.67958
2.39204e-10	0.691818
2.39323e-10	0.703592
2.39442e-10	0.714895
2.39561e-10	0.725722
2.3968e-10	0.736067
2.398e-10	0.745924
2.39919e-10	0.755289
2.40038e-10	0.764156
2.40157e-10	0.772522
2.40276e-10	0.780383
2.40395e-10	0.787734
2.40514e-10	0.794573
2.40633e-10	0.800896
2.40752e-10	0.806701
2.40871e-10	0.811985
2.4099e-10	0.816747
2.4111e-10	0.820985
2.41229e-10	0.824697
2.41348e-10	0.827883
2.41467e-10	0.830543
2.41586e-10	0.832675
2.41705e-10	0.83428
2.41824e-10	0.835359
2.41943e-10	0.835911
2.42062e-10	0.835939
2.42181e-10	0.835444
2.42301e-10	0.834428
2.4242e-10	0.832892
2.42539e-10	0.830839
2.42658e-10	0.828272
2.42777e-10	0.825194
2.42896e-10	0.821609
2.43015e-10	0.817519
2.43134e-10	0.81293
2.43253e-10	0.807846
2.43372e-10	0.802271
2.43491e-10	0.79621
2.43611e-10	0.789669
2.4373e-10	0.782653
2.43849e-10	0.775169
2.43968e-10	0.767221
2.44087e-10	0.758817
2.44206e-10	0.749964
2.44325e-10	0.740668
2.44444e-10	0.730936
2.44563e-10	0.720777
2.44682e-10	0.710198
2.44802e-10	0.699207
2.44921e-10	0.687812
2.4504e-10	0.676021
2.45159e-10	0.663845
2.45278e-10	0.65129
2.45397e-10	0.638368
2.45516e-10	0.625086
2.45635e-10	0.611455
2.45754e-10	0.597484
2.45873e-10	0.583184
2.45992e-10	0.568564
2.46112e-10	0.553636
2.46231e-10	0.538408
2.4635e-10	0.522893
2.46469e-10	0.5071
2.46588e-10	0.491041
2.46707e-10	0.474728
2.46826e-10	0.45817
2.46945e-10	0.44138
2.47064e-10	0.424369
2.47183e-10	0.407148
2.47303e-10	0.389729
2.47422e-10	0.372125
2.47541e-10	0.354346
2.4766e-10	0.336405
2.47779e-10	0.318314
2.47898e-10	0.300084
2.48017e-10	0.281729
2.48136e-10	0.263259
2.48255e-10	0.244687
2.48374e-10	0.226026
2.48493e-10	0.207287
2.48613e-10	0.188483
2.48732e-10	0.169626
2.48851e-10	0.150728
2.4897e-10	0.131801
2.49089e-10	0.112858
2.49208e-10	0.0939111
2.49327e-10	0.0749715
2.49446e-10	0.0560518
2.49565e-10	0.0371639
2.49684e-10	0.0183198
2.49804e-10	-0.000468719
2.49923e-10	-0.0191898
2.50042e-10	-0.0378317
2.50161e-10	-0.0563829
2.5028e-10	-0.0748318
2.50399e-10	-0.0931671
2.50518e-10	-0.111377
2.50637e-10	-0.129452
2.50756e-10	-0.147379
2.50875e-10	-0.165147
2.50995e-10	-0.182748
2.51114e-10	-0.200168
2.51233e-10	-0.217399
2.51352e-10	-0.23443
2.51471e-10	-0.25125
2.5159e-10	-0.26785
2.51709e-10	-0.284219
2.51828e-10	-0.30035
2.51947e-10	-0.316231
2.52066e-10	-0.331853
2.52185e-10	-0.347209
2.52305e-10	-0.362288
2.52424e-10	-0.377083
2.52543e-10	-0.391585
2.52662e-10	-0.405785
2.52781e-10	-0.419677
2.529e-10	-0.433251
2.53019e-10	-0.446502
2.53138e-10	-0.459421
2.53257e-10	-0.472001
2.53376e-10	-0.484236
2.53496e-10	-0.49612
2.53615e-10	-0.507646
2.53734e-10	-0.518808
2.53853e-10	-0.529601
2.53972e-10	-0.540018
2.54091e-10	-0.550056
2.5421e-10	-0.559708
2.54329e-10	-0.56897
2.54448e-10	-0.577839
2.54567e-10	-0.586309
2.54686e-10	-0.594378
2.54806e-10	-0.60204
2.54925e-10	-0.609294
2.55044e-10	-0.616137
2.55163e-10	-0.622564
2.55282e-10	-0.628575
2.55401e-10	-0.634166
2.5552e-10	-0.639337
2.55639e-10	-0.644085
2.55758e-10	-0.648409
2.55877e-10	-0.652309
2.55997e-10	-0.655782
2.56116e-10	-0.65883
2.56235e-10	-0.661451
2.56354e-10	-0.663646
2.56473e-10	-0.665415
2.56592e-10	-0.666759
2.56711e-10	-0.667679
2.5683e-10	-0.668175
2.56949e-10	-0.66825
2.57068e-10	-0.667905
2.57187e-10	-0.667143
2.57307e-10	-0.665964
2.57426e-10	-0.664372
2.57545e-10	-0.66237
2.57664e-10	-0.659961
2.57783e-10	-0.657147
2.57902e-10	-0.653933
2.58021e-10	-0.650322
2.5814e-10	-0.646319
2.58259e-10	-0.641927
2.58378e-10	-0.637151
2.58498e-10	-0.631996
2.58617e-10	-0.626466
2.58736e-10	-0.620567
2.58855e-10	-0.614305
2.58974e-10	-0.607684
2.59093e-10	-0.600711
2.59212e-10	-0.593391
2.59331e-10	-0.585732
2.5945e-10	-0.577739
2.59569e-10	-0.569418
2.59689e-10	-0.560777
2.59808e-10	-0.551823
2.59927e-10	-0.542562
2.60046e-10	-0.533003
2.60165e-10	-0.523152
2.60284e-10	-0.513017
2.60403e-10	-0.502606
2.60522e-10	-0.491926
2.60641e-10	-0.480987
2.6076e-10	-0.469795
2.60879e-10	-0.45836
2.60999e-10	-0.44669
2.61118e-10	-0.434793
2.61237e-10	-0.422677
2.61356e-10	-0.410353
2.61475e-10	-0.397828
2.61594e-10	-0.385111
2.61713e-10	-0.372212
2.61832e-10	-0.35914
2.61951e-10	-0.345903
2.6207e-10	-0.332512
2.6219e-10	-0.318974
2.62309e-10	-0.305301
2.62428e-10	-0.2915
2.62547e-10	-0.277582
2.62666e-10	-0.263556
2.62785e-10	-0.249432
2.62904e-10	-0.235218
2.63023e-10	-0.220925
2.63142e-10	-0.206562
2.63261e-10	-0.192139
2.6338e-10	-0.177664
2.635e-10	-0.163148
2.63619e-10	-0.1486
2.63738e-10	-0.13403
2.63857e-10	-0.119447
2.63976e-10	-0.10486
2.64095e-10	-0.0902789
2.64214e-10	-0.0757128
2.64333e-10	-0.061171
2.64452e-10	-0.0466627
2.64571e-10	-0.032197
2.64691e-10	-0.017783
2.6481e-10	-0.00342968
2.64929e-10	0.0108541
2.65048e-10	0.0250596
2.65167e-10	0.0391779
2.65286e-10	0.0532006
2.65405e-10	0.0671192
2.65524e-10	0.0809251
2.65643e-10	0.0946103
2.65762e-10	0.108166
2.65881e-10	0.121585
2.66001e-10	0.134859
2.6612e-10	0.147981
2.66239e-10	0.160942
2.66358e-10	0.173735
2.66477e-10	0.186353
2.66596e-10	0.198789
2.66715e-10	0.211035
2.66834e-10	0.223085
2.66953e-10	0.234931
2.67072e-10	0.246569
2.67192e-10	0.25799
2.67311e-10	0.269189
2.6743e-10	0.28016
2.67549e-10	0.290897
2.67668e-10	0.301395
2.67787e-10	0.311647
2.67906e-10	0.321649
2.68025e-10	0.331395
2.68144e-10	0.34088
2.68263e-10	0.350101
2.68383e-10	0.359052
2.68502e-10	0.367728
2.68621e-10	0.376127
2.6874e-10	0.384244
2.68859e-10	0.392075
2.68978e-10	0.399616
2.69097e-10	0.406866
2.69216e-10	0.413819
2.69335e-10	0.420474
2.69454e-10	0.426828
2.69573e-10	0.432878
2.69693e-10	0.438623
2.69812e-10	0.444059
2.69931e-10	0.449186
2.7005e-10	0.454001
2.70169e-10	0.458504
2.70288e-10	0.462693
2.70407e-10	0.466567
2.70526e-10	0.470125
2.70645e-10	0.473368
2.70764e-10	0.476293
2.70884e-10	0.478902
2.71003e-10	0.481194
2.71122e-10	0.483171
2.71241e-10	0.484831
2.7136e-10	0.486176
2.71479e-10	0.487207
2.71598e-10	0.487924
2.71717e-10	0.48833
2.71836e-10	0.488425
2.71955e-10	0.488212
2.72074e-10	0.487692
2.72194e-10	0.486867
2.72313e-10	0.485739
2.72432e-10	0.484312
2.72551e-10	0.482586
2.7267e-10	0.480567
2.72789e-10	0.478255
2.72908e-10	0.475655
2.73027e-10	0.47277
2.73146e-10	0.469602
2.73265e-10	0.466157
2.73385e-10	0.462437
2.73504e-10	0.458447
2.73623e-10	0.454191
2.73742e-10	0.449673
2.73861e-10	0.444897
2.7398e-10	0.439869
2.74099e-10	0.434592
2.74218e-10	0.429071
2.74337e-10	0.423312
2.74456e-10	0.41732
2.74575e-10	0.4111
2.74695e-10	0.404656
2.74814e-10	0.397996
2.74933e-10	0.391123
2.75052e-10	0.384044
2.75171e-10	0.376765
2.7529e-10	0.369292
2.75409e-10	0.36163
2.75528e-10	0.353785
2.75647e-10	0.345764
2.75766e-10	0.337572
2.75886e-10	0.329217
2.76005e-10	0.320705
2.76124e-10	0.312041
2.76243e-10	0.303232
2.76362e-10	0.294285
2.76481e-10	0.285207
2.766e-10	0.276004
2.76719e-10	0.266683
2.76838e-10	0.25725
2.76957e-10	0.247712
2.77077e-10	0.238077
2.77196e-10	0.22835
2.77315e-10	0.218539
2.77434e-10	0.20865
2.77553e-10	0.19869
2.77672e-10	0.188667
2.77791e-10	0.178587
2.7791e-10	0.168456
2.78029e-10	0.158282
2.78148e-10	0.148071
2.78267e-10	0.137831
2.78387e-10	0.127568
2.78506e-10	0.117288
2.78625e-10	0.106999
2.78744e-10	0.0967074
2.78863e-10	0.0864193
2.78982e-10	0.0761416
2.79101e-10	0.0658809
2.7922e-10	0.0556436
2.79339e-10	0.0454363
2.79458e-10	0.0352652
2.79578e-10	0.0251366
2.79697e-10	0.015057
2.79816e-10	0.00503236
2.79935e-10	-0.00493114
2.80054e-10	-0.0148275
2.80173e-10	-0.0246507
2.80292e-10	-0.0343949
2.80411e-10	-0.0440544
2.8053e-10	-0.0536235
2.80649e-10	-0.0630966
2.80768e-10	-0.0724682
2.80888e-10	-0.081733
2.81007e-10	-0.0908856
2.81126e-10	-0.0999208
2.81245e-10	-0.108834
2.81364e-10	-0.117619
2.81483e-10	-0.126273
2.81602e-10	-0.134789
2.81721e-10	-0.143164
2.8184e-10	-0.151393
2.81959e-10	-0.159472
2.82079e-10	-0.167396
2.82198e-10	-0.175162
2.82317e-10	-0.182765
2.82436e-10	-0.190202
2.82555e-10	-0.197468
2.82674e-10	-0.204561
2.82793e-10	-0.211477
2.82912e-10	-0.218213
2.83031e-10	-0.224765
2.8315e-10	-0.23113
2.83269e-10	-0.237306
2.83389e-10	-0.24329
2.83508e-10	-0.249079
2.83627e-10	-0.254671
2.83746e-10	-0.260064
2.83865e-10	-0.265256
2.83984e-10	-0.270243
2.84103e-10	-0.275026
2.84222e-10	-0.279601
2.84341e-10	-0.283968
2.8446e-10	-0.288125
2.8458e-10	-0.29207
2.84699e-10	-0.295803
2.84818e-10	-0.299323
2.84937e-10	-0.302628
2.85056e-10	-0.305719
2.85175e-10	-0.308595
2.85294e-10	-0.311254
2.85413e-10	-0.313698
2.85532e-10	-0.315926
2.85651e-10	-0.317937
2.8577e-10	-0.319733
2.8589e-10	-0.321314
2.86009e-10	-0.322679
2.86128e-10	-0.32383
2.86247e-10	-0.324767
2.86366e-10	-0.325492
2.86485e-10	-0.326004
2.86604e-10	-0.326307
2.86723e-10	-0.326399
2.86842e-10	-0.326284
2.86961e-10	-0.325963
2.87081e-10	-0.325437
2.872e-10	-0.324707
2.87319e-10	-0.323777
2.87438e-10	-0.322648
2.87557e-10	-0.321322
2.87676e-10	-0.319801
2.87795e-10	-0.318088
2.87914e-10	-0.316185
2.88033e-10	-0.314095
2.88152e-10	-0.31182
2.88272e-10	-0.309363
2.88391e-10	-0.306728
2.8851e-10	-0.303917
2.88629e-10	-0.300933
2.88748e-10	-0.297779
2.88867e-10	-0.294459
2.88986e-10	-0.290976
2.89105e-10	-0.287333
2.89224e-10	-0.283534
2.89343e-10	-0.279583
2.89462e-10	-0.275482
2.89582e-10	-0.271237
2.89701e-10	-0.26685
2.8982e-10	-0.262326
2.89939e-10	-0.257668
2.90058e-10	-0.252881
2.90177e-10	-0.247968
2.90296e-10	-0.242934
2.90415e-10	-0.237783
2.90534e-10	-0.232518
2.90653e-10	-0.227145
2.90773e-10	-0.221667
2.90892e-10	-0.216089
2.91011e-10	-0.210415
2.9113e-10	-0.20465
2.91249e-10	-0.198797
2.91368e-10	-0.192862
2.91487e-10	-0.186849
2.91606e-10	-0.180762
2.91725e-10	-0.174606
2.91844e-10	-0.168385
2.91963e-10	-0.162104
2.92083e-10	-0.155767
2.92202e-10	-0.149379
2.92321e-10	-0.142944
2.9244e-10	-0.136467
2.92559e-10	-0.129952
2.92678e-10	-0.123405
2.92797e-10	-0.116829
2.92916e-10	-0.110228
2.93035e-10	-0.103608
2.93154e-10	-0.0969729
2.93274e-10	-0.0903268
2.93393e-10	-0.0836741
2.93512e-10	-0.0770195
2.93631e-10	-0.070367
2.9375e-10	-0.0637211
2.93869e-10	-0.0570859
2.93988e-10	-0.0504658
2.94107e-10	-0.0438648
2.94226e-10	-0.0372872
2.94345e-10	-0.030737
2.94464e-10	-0.0242181
2.94584e-10	-0.0177347
2.94703e-10	-0.0112907
2.94822e-10	-0.00488985
2.94941e-10	0.00146395
2.9506e-10	0.00776697
2.95179e-10	0.0140155
2.95298e-10	0.0202059
2.95417e-10	0.0263347
2.95536e-10	0.0323983
2.95655e-10	0.0383933
2.95775e-10	0.0443164
2.95894e-10	0.0501643
2.96013e-10	0.0559337
2.96132e-10	0.0616217
2.96251e-10	0.067225
2.9637e-10	0.0727407
2.96489e-10	0.0781661
2.96608e-10	0.0834981
2.96727e-10	0.0887342
2.96846e-10	0.0938717
2.96966e-10	0.0989081
2.97085e-10	0.103841
2.97204e-10	0.108668
2.97323e-10	0.113386
2.97442e-10	0.117994
2.97561e-10	0.122489
2.9768e-10	0.12687
2.97799e-10	0.131134
2.97918e-10	0.13528
2.98037e-10	0.139306
2.98156e-10	0.14321
2.98276e-10	0.146991
2.98395e-10	0.150646
2.98514e-10	0.154176
2.98633e-10	0.157579
2.98752e-10	0.160853
2.98871e-10	0.163997
2.9899e-10	0.16701
2.99109e-10	0.169892
2.99228e-10	0.172642
2.99347e-10	0.175259
2.99467e-10	0.177741
2.99586e-10	0.18009
2.99705e-10	0.182304
2.99824e-10	0.184384
2.99943e-10	0.186328
3.00062e-10	0.188137
3.00181e-10	0.18981
3.003e-10	0.191348
3.00419e-10	0.192751
3.00538e-10	0.194019
3.00657e-10	0.195152
3.00777e-10	0.19615
3.00896e-10	0.197015
3.01015e-10	0.197747
3.01134e-10	0.198346
3.01253e-10	0.198812
3.01372e-10	0.199148
3.01491e-10	0.199353
3.0161e-10	0.199429
3.01729e-10	0.199377
3.01848e-10	0.199198
3.01968e-10	0.198892
3.02087e-10	0.198462
3.02206e-10	0.197909
3.02325e-10	0.197233
3.02444e-10	0.196437
3.02563e-10	0.195522
3.02682e-10	0.194489
3.02801e-10	0.193341
3.0292e-10	0.192079
3.03039e-10	0.190705
3.03158e-10	0.18922
3.03278e-10	0.187627
3.03397e-10	0.185927
3.03516e-10	0.184123
3.03635e-10	0.182217
3.03754e-10	0.18021
3.03873e-10	0.178106
3.03992e-10	0.175905
3.04111e-10	0.173611
3.0423e-10	0.171225
3.04349e-10	0.168751
3.04469e-10	0.16619
3.04588e-10	0.163545
3.04707e-10	0.160818
3.04826e-10	0.158012
3.04945e-10	0.155129
3.05064e-10	0.152172
3.05183e-10	0.149143
3.05302e-10	0.146046
3.05421e-10	0.142882
3.0554e-10	0.139654
3.0566e-10	0.136366
3.05779e-10	0.133019
3.05898e-10	0.129616
3.06017e-10	0.126161
3.06136e-10	0.122655
3.06255e-10	0.119101
3.06374e-10	0.115503
3.06493e-10	0.111863
3.06612e-10	0.108184
3.06731e-10	0.104468
3.0685e-10	0.100718
3.0697e-10	0.0969371
3.07089e-10	0.0931281
3.07208e-10	0.0892935
3.07327e-10	0.085436
3.07446e-10	0.0815585
3.07565e-10	0.0776635
3.07684e-10	0.0737539
3.07803e-10	0.0698323
3.07922e-10	0.0659013
3.08041e-10	0.0619637
3.08161e-10	0.058022
3.0828e-10	0.0540789
3.08399e-10	0.0501369
3.08518e-10	0.0461986
3.08637e-10	0.0422666
3.08756e-10	0.0383434
3.08875e-10	0.0344314
3.08994e-10	0.0305331
3.09113e-10	0.0266509
3.09232e-10	0.0227873
3.09351e-10	0.0189445
3.09471e-10	0.0151249
3.0959e-10	0.0113308
3.09709e-10	0.00756442
3.09828e-10	0.00382799
3.09947e-10	0.000123652
3.10066e-10	-0.00354645
3.10185e-10	-0.00718023
3.10304e-10	-0.0107757
3.10423e-10	-0.0143307
3.10542e-10	-0.0178435
3.10662e-10	-0.021312
3.10781e-10	-0.0247345
3.109e-10	-0.028109
3.11019e-10	-0.0314339
3.11138e-10	-0.0347075
3.11257e-10	-0.037928
3.11376e-10	-0.0410938
3.11495e-10	-0.0442035
3.11614e-10	-0.0472554
3.11733e-10	-0.0502481
3.11852e-10	-0.0531803
3.11972e-10	-0.0560505
3.12091e-10	-0.0588574
3.1221e-10	-0.0615999
3.12329e-10	-0.0642767
3.12448e-10	-0.0668867
3.12567e-10	-0.0694288
3.12686e-10	-0.0719019
3.12805e-10	-0.0743052
3.12924e-10	-0.0766377
3.13043e-10	-0.0788985
3.13163e-10	-0.0810869
3.13282e-10	-0.0832021
3.13401e-10	-0.0852433
3.1352e-10	-0.08721
3.13639e-10	-0.0891016
3.13758e-10	-0.0909176
3.13877e-10	-0.0926574
3.13996e-10	-0.0943208
3.14115e-10	-0.0959072
3.14234e-10	-0.0974164
3.14354e-10	-0.0988483
3.14473e-10	-0.100202
3.14592e-10	-0.101479
3.14711e-10	-0.102677
3.1483e-10	-0.103798
3.14949e-10	-0.104841
3.15068e-10	-0.105806
3.15187e-10	-0.106693
3.15306e-10	-0.107503
3.15425e-10	-0.108235
3.15544e-10	-0.10889
3.15664e-10	-0.109469
3.15783e-10	-0.109971
3.15902e-10	-0.110397
3.16021e-10	-0.110748
3.1614e-10	-0.111024
3.16259e-10	-0.111225
3.16378e-10	-0.111353
3.16497e-10	-0.111407
3.16616e-10	-0.111389
3.16735e-10	-0.111299
3.16855e-10	-0.111138
3.16974e-10	-0.110907
3.17093e-10	-0.110606
3.17212e-10	-0.110237
3.17331e-10	-0.1098
3.1745e-10	-0.109297
3.17569e-10	-0.108728
3.17688e-10	-0.108094
3.17807e-10	-0.107397
3.17926e-10	-0.106637
3.18045e-10	-0.105816
3.18165e-10	-0.104935
3.18284e-10	-0.103995
3.18403e-10	-0.102997
3.18522e-10	-0.101942
3.18641e-10	-0.100832
3.1876e-10	-0.0996677
3.18879e-10	-0.0984508
3.18998e-10	-0.0971825
3.19117e-10	-0.0958642
3.19236e-10	-0.0944971
3.19356e-10	-0.0930827
3.19475e-10	-0.0916224
3.19594e-10	-0.0901177
3.19713e-10	-0.0885699
3.19832e-10	-0.0869805
3.19951e-10	-0.0853509
3.2007e-10	-0.0836828
3.20189e-10	-0.0819774
3.20308e-10	-0.0802364
3.20427e-10	-0.0784613
3.20546e-10	-0.0766535
3.20666e-10	-0.0748146
3.20785e-10	-0.0729461
3.20904e-10	-0.0710495
3.21023e-10	-0.0691264
3.21142e-10	-0.0671784
3.21261e-10	-0.0652069
3.2138e-10	-0.0632134
3.21499e-10	-0.0611997
3.21618e-10	-0.059167
3.21737e-10	-0.0571171
3.21857e-10	-0.0550514
3.21976e-10	-0.0529715
3.22095e-10	-0.0508788
3.22214e-10	-0.0487749
3.22333e-10	-0.0466613
3.22452e-10	-0.0445394
3.22571e-10	-0.0424108
3.2269e-10	-0.040277
3.22809e-10	-0.0381393
3.22928e-10	-0.0359992
3.23048e-10	-0.0338583
3.23167e-10	-0.0317178
3.23286e-10	-0.0295793
3.23405e-10	-0.027444
3.23524e-10	-0.0253134
3.23643e-10	-0.0231889
3.23762e-10	-0.0210716
3.23881e-10	-0.0189631
3.24e-10	-0.0168646
3.24119e-10	-0.0147773
3.24238e-10	-0.0127026
3.24358e-10	-0.0106416
3.24477e-10	-0.00859556
3.24596e-10	-0.00656571
3.24715e-10	-0.0045532
3.24834e-10	-0.00255917
3.24953e-10	-0.000584753
3.25072e-10	0.00136897
3.25191e-10	0.00330091
3.2531e-10	0.00521004
3.25429e-10	0.00709534
3.25549e-10	0.00895581
3.25668e-10	0.0107905
3.25787e-10	0.0125984
3.25906e-10	0.0143787
3.26025e-10	0.0161305
3.26144e-10	0.0178529
3.26263e-10	0.0195451
3.26382e-10	0.0212063
3.26501e-10	0.0228358
3.2662e-10	0.0244328
3.26739e-10	0.0259965
3.26859e-10	0.0275264
3.26978e-10	0.0290218
3.27097e-10	0.030482
3.27216e-10	0.0319064
3.27335e-10	0.0332946
3.27454e-10	0.034646
3.27573e-10	0.0359601
3.27692e-10	0.0372364
3.27811e-10	0.0384744
3.2793e-10	0.0396739
3.2805e-10	0.0408344
3.28169e-10	0.0419555
3.28288e-10	0.043037
3.28407e-10	0.0440786
3.28526e-10	0.04508
3.28645e-10	0.0460409
3.28764e-10	0.0469613
3.28883e-10	0.0478409
3.29002e-10	0.0486796
3.29121e-10	0.0494773
3.2924e-10	0.0502339
3.2936e-10	0.0509493
3.29479e-10	0.0516236
3.29598e-10	0.0522567
3.29717e-10	0.0528487
3.29836e-10	0.0533997
3.29955e-10	0.0539097
3.30074e-10	0.0543788
3.30193e-10	0.0548072
3.30312e-10	0.055195
3.30431e-10	0.0555425
3.30551e-10	0.0558498
3.3067e-10	0.0561173
3.30789e-10	0.0563451
3.30908e-10	0.0565336
3.31027e-10	0.056683
3.31146e-10	0.0567937
3.31265e-10	0.0568661
3.31384e-10	0.0569006
3.31503e-10	0.0568975
3.31622e-10	0.0568572
3.31741e-10	0.0567803
3.31861e-10	0.0566672
3.3198e-10	0.0565183
3.32099e-10	0.0563341
3.32218e-10	0.0561152
3.32337e-10	0.0558622
3.32456e-10	0.0555755
3.32575e-10	0.0552557
3.32694e-10	0.0549035
3.32813e-10	0.0545193
3.32932e-10	0.0541039
3.33052e-10	0.0536579
3.33171e-10	0.0531819
3.3329e-10	0.0526766
3.33409e-10	0.0521425
3.33528e-10	0.0515805
3.33647e-10	0.0509912
3.33766e-10	0.0503753
3.33885e-10	0.0497336
3.34004e-10	0.0490667
3.34123e-10	0.0483753
3.34243e-10	0.0476603
3.34362e-10	0.0469223
3.34481e-10	0.0461621
3.346e-10	0.0453806
3.34719e-10	0.0445783
3.34838e-10	0.0437562
3.34957e-10	0.0429149
3.35076e-10	0.0420553
3.35195e-10	0.0411782
3.35314e-10	0.0402843
3.35433e-10	0.0393744
3.35553e-10	0.0384493
3.35672e-10	0.0375099
3.35791e-10	0.0365568
3.3591e-10	0.0355909
3.36029e-10	0.034613
3.36148e-10	0.0336239
3.36267e-10	0.0326243
3.36386e-10	0.031615
3.36505e-10	0.0305969
3.36624e-10	0.0295708
3.36744e-10	0.0285373
3.36863e-10	0.0274972
3.36982e-10	0.0264514
3.37101e-10	0.0254006
3.3722e-10	0.0243455
3.37339e-10	0.023287
3.37458e-10	0.0222257
3.37577e-10	0.0211624
3.37696e-10	0.0200978
3.37815e-10	0.0190327
3.37934e-10	0.0179677
3.38054e-10	0.0169037
3.38173e-10	0.0158412
3.38292e-10	0.0147809
3.38411e-10	0.0137236
3.3853e-10	0.0126699
3.38649e-10	0.0116205
3.38768e-10	0.010576
3.38887e-10	0.0095371
3.39006e-10	0.00850436
3.39125e-10	0.00747843
3.39245e-10	0.0064599
3.39364e-10	0.00544938
3.39483e-10	0.00444743
3.39602e-10	0.00345462
3.39721e-10	0.00247152
3.3984e-10	0.00149865
3.39959e-10	0.000536544
3.40078e-10	-0.000414281
3.40197e-10	-0.00135333
3.40316e-10	-0.00228011
3.40435e-10	-0.00319416
3.40555e-10	-0.00409501
3.40674e-10	-0.00498223
3.40793e-10	-0.00585538
3.40912e-10	-0.00671406
3.41031e-10	-0.00755786
3.4115e-10	-0.00838639
3.41269e-10	-0.0091993
3.41388e-10	-0.00999622
3.41507e-10	-0.0107768
3.41626e-10	-0.0115408
3.41746e-10	-0.0122878
3.41865e-10	-0.0130175
3.41984e-10	-0.0137297
3.42103e-10	-0.0144242
3.42222e-10	-0.0151005
3.42341e-10	-0.0157587
3.4246e-10	-0.0163983
3.42579e-10	-0.0170192
3.42698e-10	-0.0176213
3.42817e-10	-0.0182043
3.42937e-10	-0.0187681
3.43056e-10	-0.0193125
3.43175e-10	-0.0198375
3.43294e-10	-0.0203429
3.43413e-10	-0.0208286
3.43532e-10	-0.0212946
3.43651e-10	-0.0217407
3.4377e-10	-0.0221669
3.43889e-10	-0.0225732
3.44008e-10	-0.0229595
3.44127e-10	-0.0233258
3.44247e-10	-0.0236722
3.44366e-10	-0.0239987
3.44485e-10	-0.0243052
3.44604e-10	-0.0245918
3.44723e-10	-0.0248586
3.44842e-10	-0.0251057
3.44961e-10	-0.025333
3.4508e-10	-0.0255408
3.45199e-10	-0.0257291
3.45318e-10	-0.025898
3.45438e-10	-0.0260477
3.45557e-10	-0.0261783
3.45676e-10	-0.02629
3.45795e-10	-0.0263828
3.45914e-10	-0.0264571
3.46033e-10	-0.0265129
3.46152e-10	-0.0265505
3.46271e-10	-0.0265701
3.4639e-10	-0.0265718
3.46509e-10	-0.026556
3.46628e-10	-0.0265228
3.46748e-10	-0.0264724
3.46867e-10	-0.0264052
3.46986e-10	-0.0263214
3.47105e-10	-0.0262213
3.47224e-10	-0.026105
3.47343e-10	-0.025973
3.47462e-10	-0.0258255
3.47581e-10	-0.0256628
3.477e-10	-0.0254852
3.47819e-10	-0.0252929
3.47939e-10	-0.0250864
3.48058e-10	-0.024866
3.48177e-10	-0.0246319
3.48296e-10	-0.0243845
3.48415e-10	-0.0241241
3.48534e-10	-0.0238511
3.48653e-10	-0.0235658
3.48772e-10	-0.0232686
3.48891e-10	-0.0229599
3.4901e-10	-0.0226398
3.49129e-10	-0.022309
3.49249e-10	-0.0219676
3.49368e-10	-0.0216161
3.49487e-10	-0.0212548
3.49606e-10	-0.0208841
3.49725e-10	-0.0205044
3.49844e-10	-0.020116
3.49963e-10	-0.0197194
3.50082e-10	-0.0193148
3.50201e-10	-0.0189027
3.5032e-10	-0.0184834
3.5044e-10	-0.0180573
3.50559e-10	-0.0176249
3.50678e-10	-0.0171864
3.50797e-10	-0.0167422
3.50916e-10	-0.0162927
3.51035e-10	-0.0158383
3.51154e-10	-0.0153794
3.51273e-10	-0.0149163
3.51392e-10	-0.0144493
3.51511e-10	-0.0139789
3.51631e-10	-0.0135055
3.5175e-10	-0.0130293
3.51869e-10	-0.0125507
3.51988e-10	-0.0120701
3.52107e-10	-0.0115879
3.52226e-10	-0.0111043
3.52345e-10	-0.0106197
3.52464e-10	-0.0101345
3.52583e-10	-0.00964904
3.52702e-10	-0.00916357
3.52821e-10	-0.00867847
3.52941e-10	-0.00819404
3.5306e-10	-0.00771061
3.53179e-10	-0.00722849
3.53298e-10	-0.00674799
3.53417e-10	-0.00626941
3.53536e-10	-0.00579306
3.53655e-10	-0.00531921
3.53774e-10	-0.00484816
3.53893e-10	-0.00438019
3.54012e-10	-0.00391558
3.54132e-10	-0.00345459
3.54251e-10	-0.00299749
3.5437e-10	-0.00254453
3.54489e-10	-0.00209596
3.54608e-10	-0.00165204
3.54727e-10	-0.00121299
3.54846e-10	-0.000779054
3.54965e-10	-0.000350451
3.55084e-10	7.25995e-05
3.55203e-10	0.000489886
3.55322e-10	0.000901203
3.55442e-10	0.00130635
3.55561e-10	0.00170514
3.5568e-10	0.00209739
3.55799e-10	0.00248292
3.55918e-10	0.00286156
3.56037e-10	0.00323314
3.56156e-10	0.00359751
3.56275e-10	0.00395453
3.56394e-10	0.00430404
3.56513e-10	0.00464591
3.56633e-10	0.00498002
3.56752e-10	0.00530625
3.56871e-10	0.00562447
3.5699e-10	0.00593458
3.57109e-10	0.00623649
3.57228e-10	0.0065301
3.57347e-10	0.00681532
3.57466e-10	0.00709208
3.57585e-10	0.00736029
3.57704e-10	0.00761991
3.57823e-10	0.00787086
3.57943e-10	0.0081131
3.58062e-10	0.00834658
3.58181e-10	0.00857126
3.583e-10	0.00878711
3.58419e-10	0.00899411
3.58538e-10	0.00919223
3.58657e-10	0.00938147
3.58776e-10	0.00956181
3.58895e-10	0.00973326
3.59014e-10	0.00989583
3.59134e-10	0.0100495
3.59253e-10	0.0101943
3.59372e-10	0.0103303
3.59491e-10	0.0104575
3.5961e-10	0.010576
3.59729e-10	0.0106857
3.59848e-10	0.0107867
3.59967e-10	0.0108791
3.60086e-10	0.0109629
3.60205e-10	0.0110382
3.60325e-10	0.011105
3.60444e-10	0.0111635
3.60563e-10	0.0112137
3.60682e-10	0.0112556
3.60801e-10	0.0112895
3.6092e-10	0.0113153
3.61039e-10	0.0113331
3.61158e-10	0.0113432
3.61277e-10	0.0113454
3.61396e-10	0.0113401
3.61515e-10	0.0113272
3.61635e-10	0.0113068
3.61754e-10	0.0112792
3.61873e-10	0.0112445
3.61992e-10	0.0112026
3.62111e-10	0.0111539
3.6223e-10	0.0110984
3.62349e-10	0.0110362
3.62468e-10	0.0109674
3.62587e-10	0.0108923
3.62706e-10	0.010811
3.62826e-10	0.0107235
3.62945e-10	0.0106301
3.63064e-10	0.0105309
3.63183e-10	0.0104261
3.63302e-10	0.0103157
3.63421e-10	0.0102
3.6354e-10	0.0100791
3.63659e-10	0.00995313
3.63778e-10	0.0098223
3.63897e-10	0.00968673
3.64016e-10	0.0095466
3.64136e-10	0.00940207
3.64255e-10	0.00925329
3.64374e-10	0.00910043
3.64493e-10	0.00894366
3.64612e-10	0.00878312
3.64731e-10	0.00861899
3.6485e-10	0.00845143
3.64969e-10	0.00828061
3.65088e-10	0.00810668
3.65207e-10	0.00792981
3.65327e-10	0.00775016
3.65446e-10	0.0075679
3.65565e-10	0.00738318
3.65684e-10	0.00719617
3.65803e-10	0.00700703
3.65922e-10	0.00681592
3.66041e-10	0.006623
3.6616e-10	0.00642842
3.66279e-10	0.00623235
3.66398e-10	0.00603493
3.66517e-10	0.00583632
3.66637e-10	0.00563668
3.66756e-10	0.00543615
3.66875e-10	0.00523489
3.66994e-10	0.00503305
3.67113e-10	0.00483076
3.67232e-10	0.00462818
3.67351e-10	0.00442545
3.6747e-10	0.00422271
3.67589e-10	0.00402009
3.67708e-10	0.00381774
3.67828e-10	0.00361578
3.67947e-10	0.00341436
3.68066e-10	0.0032136
3.68185e-10	0.00301363
3.68304e-10	0.00281457
3.68423e-10	0.00261655
3.68542e-10	0.00241969
3.68661e-10	0.0022241
3.6878e-10	0.0020299
3.68899e-10	0.00183721
3.69019e-10	0.00164612
3.69138e-10	0.00145676
3.69257e-10	0.00126922
3.69376e-10	0.00108361
3.69495e-10	0.000900024
3.69614e-10	0.000718557
3.69733e-10	0.000539305
3.69852e-10	0.000362355
3.69971e-10	0.000187798
3.7009e-10	1.57151e-05
3.70209e-10	-0.000153811
3.70329e-10	-0.000320701
3.70448e-10	-0.000484881
3.70567e-10	-0.000646278
3.70686e-10	-0.000804823
3.70805e-10	-0.000960449
3.70924e-10	-0.00111309
3.71043e-10	-0.00126269
3.71162e-10	-0.0014092
3.71281e-10	-0.00155254
3.714e-10	-0.00169268
3.7152e-10	-0.00182957
3.71639e-10	-0.00196316
3.71758e-10	-0.00209341
3.71877e-10	-0.00222027
3.71996e-10	-0.00234372
3.72115e-10	-0.00246371
3.72234e-10	-0.00258023
3.72353e-10	-0.00269323
3.72472e-10	-0.0028027
3.72591e-10	-0.00290861
3.7271e-10	-0.00301095
3.7283e-10	-0.00310969
3.72949e-10	-0.00320482
3.73068e-10	-0.00329634
3.73187e-10	-0.00338423
3.73306e-10	-0.00346849
3.73425e-10	-0.00354911
3.73544e-10	-0.0036261
3.73663e-10	-0.00369945
3.73782e-10	-0.00376918
3.73901e-10	-0.00383528
3.74021e-10	-0.00389777
3.7414e-10	-0.00395666
3.74259e-10	-0.00401196
3.74378e-10	-0.00406369
3.74497e-10	-0.00411187
3.74616e-10	-0.00415652
3.74735e-10	-0.00419766
3.74854e-10	-0.00423532
3.74973e-10	-0.00426952
3.75092e-10	-0.00430029
3.75211e-10	-0.00432767
3.75331e-10	-0.00435168
3.7545e-10	-0.00437237
3.75569e-10	-0.00438977
3.75688e-10	-0.00440391
3.75807e-10	-0.00441484
3.75926e-10	-0.0044226
3.76045e-10	-0.00442723
3.76164e-10	-0.00442878
3.76283e-10	-0.00442729
3.76402e-10	-0.00442281
3.76522e-10	-0.00441539
3.76641e-10	-0.00440508
3.7676e-10	-0.00439194
3.76879e-10	-0.004376
3.76998e-10	-0.00435734
3.77117e-10	-0.004336
3.77236e-10	-0.00431204
3.77355e-10	-0.00428552
3.77474e-10	-0.00425649
3.77593e-10	-0.00422502
3.77712e-10	-0.00419116
3.77832e-10	-0.00415497
3.77951e-10	-0.00411652
3.7807e-10	-0.00407586
3.78189e-10	-0.00403306
3.78308e-10	-0.00398819
3.78427e-10	-0.0039413
3.78546e-10	-0.00389245
3.78665e-10	-0.00384172
3.78784e-10	-0.00378917
3.78903e-10	-0.00373486
3.79023e-10	-0.00367886
3.79142e-10	-0.00362123
3.79261e-10	-0.00356203
3.7938e-10	-0.00350134
3.79499e-10	-0.00343922
3.79618e-10	-0.00337573
3.79737e-10	-0.00331094
3.79856e-10	-0.00324492
3.79975e-10	-0.00317773
3.80094e-10	-0.00310942
3.80214e-10	-0.00304008
3.80333e-10	-0.00296976
3.80452e-10	-0.00289853
3.80571e-10	-0.00282645
3.8069e-10	-0.00275359
3.80809e-10	-0.00268
3.80928e-10	-0.00260575
3.81047e-10	-0.00253091
3.81166e-10	-0.00245552
3.81285e-10	-0.00237966
3.81404e-10	-0.00230339
3.81524e-10	-0.00222676
3.81643e-10	-0.00214982
3.81762e-10	-0.00207265
3.81881e-10	-0.0019953
3.82e-10	-0.00191782
3.82119e-10	-0.00184027
3.82238e-10	-0.00176271
3.82357e-10	-0.00168518
3.82476e-10	-0.00160775
3.82595e-10	-0.00153046
3.82715e-10	-0.00145336
3.82834e-10	-0.00137652
3.82953e-10	-0.00129996
3.83072e-10	-0.00122375
3.83191e-10	-0.00114794
3.8331e-10	-0.00107255
3.83429e-10	-0.000997657
3.83548e-10	-0.000923286
3.83667e-10	-0.000849486
3.83786e-10	-0.000776298
3.83905e-10	-0.000703764
3.84025e-10	-0.000631923
3.84144e-10	-0.000560814
3.84263e-10	-0.000490475
3.84382e-10	-0.000420943
3.84501e-10	-0.000352252
3.8462e-10	-0.000284437
3.84739e-10	-0.000217531
3.84858e-10	-0.000151565
3.84977e-10	-8.65714e-05
3.85096e-10	-2.25783e-05
3.85216e-10	4.03854e-05
3.85335e-10	0.000102293
3.85454e-10	0.000163118
3.85573e-10	0.000222836
3.85692e-10	0.000281423
3.85811e-10	0.000338857
3.8593e-10	0.000395117
3.86049e-10	0.000450182
3.86168e-10	0.000504033
3.86287e-10	0.000556654
3.86406e-10	0.000608027
3.86526e-10	0.000658136
3.86645e-10	0.000706968
3.86764e-10	0.00075451
3.86883e-10	0.000800749
3.87002e-10	0.000845674
3.87121e-10	0.000889276
3.8724e-10	0.000931545
3.87359e-10	0.000972475
3.87478e-10	0.00101206
3.87597e-10	0.00105029
3.87717e-10	0.00108716
3.87836e-10	0.00112268
3.87955e-10	0.00115683
3.88074e-10	0.00118962
3.88193e-10	0.00122105
3.88312e-10	0.00125111
3.88431e-10	0.00127981
3.8855e-10	0.00130715
3.88669e-10	0.00133313
3.88788e-10	0.00135776
3.88908e-10	0.00138105
3.89027e-10	0.00140299
3.89146e-10	0.0014236
3.89265e-10	0.00144288
3.89384e-10	0.00146085
3.89503e-10	0.00147751
3.89622e-10	0.00149287
3.89741e-10	0.00150694
3.8986e-10	0.00151973
3.89979e-10	0.00153126
3.90098e-10	0.00154154
3.90218e-10	0.00155059
3.90337e-10	0.00155841
3.90456e-10	0.00156502
3.90575e-10	0.00157044
3.90694e-10	0.00157468
3.90813e-10	0.00157777
3.90932e-10	0.00157971
3.91051e-10	0.00158053
3.9117e-10	0.00158024
3.91289e-10	0.00157886
3.91409e-10	0.00157641
3.91528e-10	0.00157292
3.91647e-10	0.0015684
3.91766e-10	0.00156287
3.91885e-10	0.00155635
3.92004e-10	0.00154886
3.92123e-10	0.00154043
3.92242e-10	0.00153108
3.92361e-10	0.00152083
3.9248e-10	0.00150969
3.92599e-10	0.00149771
3.92719e-10	0.00148489
3.92838e-10	0.00147125
3.92957e-10	0.00145684
3.93076e-10	0.00144166
3.93195e-10	0.00142574
3.93314e-10	0.0014091
3.93433e-10	0.00139177
3.93552e-10	0.00137377
3.93671e-10	0.00135513
3.9379e-10	0.00133587
3.9391e-10	0.00131601
3.94029e-10	0.00129559
3.94148e-10	0.00127461
3.94267e-10	0.00125311
3.94386e-10	0.0012311
3.94505e-10	0.00120863
3.94624e-10	0.0011857
3.94743e-10	0.00116234
3.94862e-10	0.00113858
3.94981e-10	0.00111444
3.951e-10	0.00108994
3.9522e-10	0.0010651
3.95339e-10	0.00103996
3.95458e-10	0.00101453
3.95577e-10	0.000988829
3.95696e-10	0.00096289
3.95815e-10	0.00093673
3.95934e-10	0.000910373
3.96053e-10	0.00088384
3.96172e-10	0.000857153
3.96291e-10	0.000830334
3.96411e-10	0.000803403
3.9653e-10	0.000776381
3.96649e-10	0.00074929
3.96768e-10	0.000722148
3.96887e-10	0.000694978
3.97006e-10	0.000667797
3.97125e-10	0.000640625
3.97244e-10	0.000613482
3.97363e-10	0.000586386
3.97482e-10	0.000559355
3.97602e-10	0.000532407
3.97721e-10	0.000505559
3.9784e-10	0.00047883
3.97959e-10	0.000452236
3.98078e-10	0.000425792
3.98197e-10	0.000399516
3.98316e-10	0.000373422
3.98435e-10	0.000347527
3.98554e-10	0.000321844
3.98673e-10	0.000296389
3.98792e-10	0.000271175
3.98912e-10	0.000246215
3.99031e-10	0.000221524
3.9915e-10	0.000197114
3.99269e-10	0.000172996
3.99388e-10	0.000149184
3.99507e-10	0.000125688
3.99626e-10	0.00010252
3.99745e-10	7.96897e-05
3.99864e-10	5.7208e-05
3.99983e-10	3.50845e-05
4.00103e-10	1.33285e-05
4.00222e-10	-8.05106e-06
4.00341e-10	-2.90457e-05
4.0046e-10	-4.96473e-05
4.00579e-10	-6.98483e-05
4.00698e-10	-8.96414e-05
4.00817e-10	-0.00010902
4.00936e-10	-0.000127977
4.01055e-10	-0.000146507
4.01174e-10	-0.000164605
4.01293e-10	-0.000182265
4.01413e-10	-0.000199482
4.01532e-10	-0.000216252
4.01651e-10	-0.000232572
4.0177e-10	-0.000248437
4.01889e-10	-0.000263844
4.02008e-10	-0.000278791
4.02127e-10	-0.000293275
4.02246e-10	-0.000307295
4.02365e-10	-0.000320847
4.02484e-10	-0.000333932
4.02604e-10	-0.000346548
4.02723e-10	-0.000358695
4.02842e-10	-0.000370372
4.02961e-10	-0.00038158
4.0308e-10	-0.000392318
4.03199e-10	-0.000402588
4.03318e-10	-0.000412391
4.03437e-10	-0.000421728
4.03556e-10	-0.000430601
4.03675e-10	-0.000439011
4.03794e-10	-0.000446962
4.03914e-10	-0.000454455
4.04033e-10	-0.000461495
4.04152e-10	-0.000468083
4.04271e-10	-0.000474223
4.0439e-10	-0.000479919
4.04509e-10	-0.000485175
4.04628e-10	-0.000489995
4.04747e-10	-0.000494383
4.04866e-10	-0.000498345
4.04985e-10	-0.000501884
4.05105e-10	-0.000505007
4.05224e-10	-0.000507718
4.05343e-10	-0.000510023
4.05462e-10	-0.000511927
4.05581e-10	-0.000513437
4.057e-10	-0.000514559
4.05819e-10	-0.000515298
4.05938e-10	-0.000515661
4.06057e-10	-0.000515655
4.06176e-10	-0.000515287
4.06296e-10	-0.000514563
4.06415e-10	-0.00051349
4.06534e-10	-0.000512075
4.06653e-10	-0.000510326
4.06772e-10	-0.00050825
4.06891e-10	-0.000505854
4.0701e-10	-0.000503146
4.07129e-10	-0.000500134
4.07248e-10	-0.000496825
4.07367e-10	-0.000493226
4.07486e-10	-0.000489347
4.07606e-10	-0.000485194
4.07725e-10	-0.000480776
4.07844e-10	-0.0004761
4.07963e-10	-0.000471175
4.08082e-10	-0.000466009
4.08201e-10	-0.00046061
4.0832e-10	-0.000454986
4.08439e-10	-0.000449145
4.08558e-10	-0.000443095
4.08677e-10	-0.000436845
4.08797e-10	-0.000430403
4.08916e-10	-0.000423776
4.09035e-10	-0.000416973
4.09154e-10	-0.000410002
4.09273e-10	-0.000402871
4.09392e-10	-0.000395588
4.09511e-10	-0.000388161
4.0963e-10	-0.000380599
4.09749e-10	-0.000372908
4.09868e-10	-0.000365097
4.09987e-10	-0.000357174
4.10107e-10	-0.000349146
4.10226e-10	-0.000341022
4.10345e-10	-0.000332808
4.10464e-10	-0.000324512
4.10583e-10	-0.000316142
4.10702e-10	-0.000307705
4.10821e-10	-0.000299208
4.1094e-10	-0.000290659
4.11059e-10	-0.000282064
4.11178e-10	-0.000273431
4.11298e-10	-0.000264767
4.11417e-10	-0.000256077
4.11536e-10	-0.00024737
4.11655e-10	-0.000238651
4.11774e-10	-0.000229928
4.11893e-10	-0.000221205
4.12012e-10	-0.000212491
4.12131e-10	-0.00020379
4.1225e-10	-0.000195108
4.12369e-10	-0.000186452
4.12488e-10	-0.000177828
4.12608e-10	-0.00016924
4.12727e-10	-0.000160695
4.12846e-10	-0.000152197
4.12965e-10	-0.000143752
4.13084e-10	-0.000135365
4.13203e-10	-0.000127041
4.13322e-10	-0.000118784
4.13441e-10	-0.0001106
4.1356e-10	-0.000102493
4.13679e-10	-9.44668e-05
4.13799e-10	-8.65261e-05
4.13918e-10	-7.8675e-05
4.14037e-10	-7.09173e-05
4.14156e-10	-6.32569e-05
4.14275e-10	-5.56974e-05
4.14394e-10	-4.82425e-05
4.14513e-10	-4.08954e-05
4.14632e-10	-3.36594e-05
4.14751e-10	-2.65376e-05
4.1487e-10	-1.9533e-05
4.14989e-10	-1.26483e-05
4.15109e-10	-5.88633e-06
4.15228e-10	7.50479e-07
4.15347e-10	7.2597e-06
4.15466e-10	1.36391e-05
4.15585e-10	1.98865e-05
4.15704e-10	2.59999e-05
4.15823e-10	3.19775e-05
4.15942e-10	3.78177e-05
4.16061e-10	4.35186e-05
4.1618e-10	4.90791e-05
4.163e-10	5.44976e-05
4.16419e-10	5.97731e-05
4.16538e-10	6.49044e-05
4.16657e-10	6.98906e-05
4.16776e-10	7.47309e-05
4.16895e-10	7.94245e-05
4.17014e-10	8.3971e-05
4.17133e-10	8.83699e-05
4.17252e-10	9.26207e-05
4.17371e-10	9.67233e-05
4.17491e-10	0.000100678
4.1761e-10	0.000104484
4.17729e-10	0.000108141
4.17848e-10	0.000111651
4.17967e-10	0.000115013
4.18086e-10	0.000118228
4.18205e-10	0.000121296
4.18324e-10	0.000124217
4.18443e-10	0.000126994
4.18562e-10	0.000129625
4.18681e-10	0.000132113
4.18801e-10	0.000134458
4.1892e-10	0.000136661
4.19039e-10	0.000138724
4.19158e-10	0.000140647
4.19277e-10	0.000142433
4.19396e-10	0.000144081
4.19515e-10	0.000145595
4.19634e-10	0.000146975
4.19753e-10	0.000148222
4.19872e-10	0.00014934
4.19992e-10	0.000150328
4.20111e-10	0.00015119
4.2023e-10	0.000151926
4.20349e-10	0.00015254
4.20468e-10	0.000153032
4.20587e-10	0.000153405
4.20706e-10	0.000153661
4.20825e-10	0.000153802
4.20944e-10	0.000153829
4.21063e-10	0.000153747
4.21182e-10	0.000153555
4.21302e-10	0.000153258
4.21421e-10	0.000152856
4.2154e-10	0.000152353
4.21659e-10	0.00015175
4.21778e-10	0.000151051
4.21897e-10	0.000150257
4.22016e-10	0.000149371
4.22135e-10	0.000148395
4.22254e-10	0.000147332
4.22373e-10	0.000146185
4.22493e-10	0.000144955
4.22612e-10	0.000143646
4.22731e-10	0.00014226
4.2285e-10	0.000140799
4.22969e-10	0.000139266
4.23088e-10	0.000137663
4.23207e-10	0.000135993
4.23326e-10	0.000134259
4.23445e-10	0.000132463
4.23564e-10	0.000130608
4.23683e-10	0.000128695
4.23803e-10	0.000126728
4.23922e-10	0.00012471
4.24041e-10	0.000122642
4.2416e-10	0.000120527
4.24279e-10	0.000118367
4.24398e-10	0.000116166
