% time-domain voltage mode matching by openEMS v0.0.36-77-g3f40de4 @Tue Jul  1 14:02:44 2025
% start-coordinates: (-0.003556,-0.001778,-0.0310069) m -> [70,46,35]
% stop-coordinates: (0.003556,0.001778,-0.0310069) m -> [108,67,35]
% t/s	voltage	mode_purity
0	0	0
3.096492179e-12	8.84192697488e-23	0.963133115974
6.19298435801e-12	1.70857285895e-15	0.937608630148
9.28947653701e-12	4.81669818339e-12	0.93937992146
1.2385968716e-11	1.79807383505e-10	0.979594253919
1.5482460895e-11	1.96437289946e-10	0.960005065495
1.8578953074e-11	-9.25331291168e-13	0.00239847377534
2.1675445253e-11	-3.33647729014e-10	0.987914451722
2.4771937432e-11	-6.27778410108e-10	0.98952640755
2.7868429611e-11	-7.16281659996e-10	0.989382333265
3.096492179e-11	-4.19167861483e-10	0.98900031275
3.4061413969e-11	3.39429312725e-10	0.985805188671
3.7157906148e-11	1.39411541885e-09	0.98833364929
4.0254398327e-11	2.29149146112e-09	0.988766281907
4.3350890506e-11	2.39841385042e-09	0.989022424845
4.6447382685e-11	1.18385916128e-09	0.989358626859
4.9543874864e-11	-1.39838336113e-09	0.988305927199
5.2640367043e-11	-4.61734540883e-09	0.989007742591
