% time-domain voltage mode matching by openEMS v0.0.36-77-g3f40de4 @Tue Jul  1 14:02:44 2025
% start-coordinates: (-0.003556,-0.001778,0.0310069) m -> [70,46,257]
% stop-coordinates: (0.003556,0.001778,0.0310069) m -> [108,67,257]
% t/s	voltage	mode_purity
0	0	0
3.096492179e-12	0	0
6.19298435801e-12	0	0
9.28947653701e-12	0	0
1.2385968716e-11	0	0
1.5482460895e-11	0	0
1.8578953074e-11	0	0
2.1675445253e-11	0	0
2.4771937432e-11	0	0
2.7868429611e-11	0	0
3.096492179e-11	0	0
3.4061413969e-11	0	0
3.7157906148e-11	0	0
4.0254398327e-11	0	0
4.3350890506e-11	0	0
4.6447382685e-11	0	0
4.9543874864e-11	0	0
5.2640367043e-11	0	0
