% time-domain current mode matching by openEMS v0.0.36-77-g3f40de4 @Tue Jul  1 14:02:44 2025
% start-coordinates: (-0.003556,-0.001778,0.0310069) m -> [70,46,257]
% stop-coordinates: (0.003556,0.001778,0.0310069) m -> [108,67,257]
% t/s	current	mode_purity
5.95479265193e-14	-0	-0
3.15604010552e-12	-0	-0
6.25253228453e-12	-0	-0
9.34902446353e-12	-0	-0
1.24455166425e-11	-0	-0
1.55420088215e-11	-0	-0
1.86385010005e-11	-0	-0
2.17349931795e-11	-0	-0
2.48314853585e-11	-0	-0
2.79279775375e-11	-0	-0
3.10244697165e-11	-0	-0
3.41209618956e-11	-0	-0
3.72174540746e-11	-0	-0
4.03139462536e-11	-0	-0
4.34104384326e-11	-0	-0
4.65069306116e-11	-0	-0
4.96034227906e-11	-0	-0
5.26999149696e-11	-0	-0
