% time-domain current mode matching by openEMS v0.0.36-77-g3f40de4 @Tue Jul  1 14:02:44 2025
% start-coordinates: (-0.003556,-0.001778,-0.0310069) m -> [70,46,35]
% stop-coordinates: (0.003556,0.001778,-0.0310069) m -> [108,67,35]
% t/s	current	mode_purity
5.95479265193e-14	0	0
3.15604010552e-12	1.64148162205e-24	0.962699317955
6.25253228453e-12	1.08913812376e-17	0.94239868163
9.34902446353e-12	1.82561738831e-14	0.950863873279
1.24455166425e-11	4.94523087398e-13	0.993365766117
1.55420088215e-11	5.60472232411e-13	0.978119176758
1.86385010005e-11	9.48817196124e-14	0.892638744595
2.17349931795e-11	-7.09648264676e-13	0.995962769804
2.48314853585e-11	-1.51368893797e-12	0.997515698211
2.79279775375e-11	-1.90344747821e-12	0.997760856575
3.10244697165e-11	-1.39007191347e-12	0.997673616022
3.41209618956e-11	2.91672067357e-13	0.993883952841
3.72174540746e-11	2.84446389996e-12	0.997967263744
4.03139462536e-11	5.26219123263e-12	0.997913892265
4.34104384326e-11	6.03069881075e-12	0.997784655196
4.65069306116e-11	3.75342297323e-12	0.997332434085
4.96034227906e-11	-1.94772485645e-12	0.997163224319
5.26999149696e-11	-9.65708637305e-12	0.997953365309
